0.0e0 9.80392156862745e-3 1.9607843137254898e-2 1.9607843137254898e-2
0.0e0 1.0656436487638534e-2 1.9607843137254898e-2 1.9607843137254898e-2
0.0e0 1.1508951406649617e-2 1.9607843137254898e-2 1.9607843137254898e-2
0.0e0 1.2361466325660698e-2 1.9607843137254898e-2 1.9607843137254898e-2
0.0e0 1.3213981244671782e-2 1.9607843137254898e-2 1.9607843137254898e-2
0.0e0 1.4066496163682864e-2 1.9607843137254898e-2 1.9607843137254898e-2
0.0e0 1.4919011082693947e-2 1.9607843137254898e-2 1.9607843137254898e-2
0.0e0 1.577152600170503e-2 1.9607843137254898e-2 1.9607843137254898e-2
0.0e0 1.6624040920716114e-2 1.9607843137254898e-2 1.9607843137254898e-2
0.0e0 1.7476555839727195e-2 1.9607843137254898e-2 1.9607843137254898e-2
0.0e0 1.8329070758738276e-2 1.9607843137254898e-2 1.9607843137254898e-2
0.0e0 1.918158567774936e-2 1.9607843137254898e-2 1.9607843137254898e-2
0.0e0 2.0034100596760442e-2 1.9607843137254898e-2 1.9607843137254898e-2
0.0e0 2.0886615515771527e-2 1.9607843137254898e-2 1.9607843137254898e-2
0.0e0 2.1739130434782608e-2 1.9607843137254898e-2 1.9607843137254898e-2
0.0e0 2.259164535379369e-2 1.9607843137254898e-2 1.9607843137254898e-2
0.0e0 2.3444160272804774e-2 1.9607843137254898e-2 1.9607843137254898e-2
0.0e0 2.429667519181586e-2 1.9607843137254898e-2 1.9607843137254898e-2
0.0e0 2.514919011082694e-2 1.9607843137254898e-2 1.9607843137254898e-2
0.0e0 2.600170502983802e-2 1.9607843137254898e-2 1.9607843137254898e-2
0.0e0 2.6854219948849106e-2 1.9607843137254898e-2 1.9607843137254898e-2
0.0e0 2.7706734867860187e-2 1.9607843137254898e-2 1.9607843137254898e-2
0.0e0 2.855924978687127e-2 1.9607843137254898e-2 1.9607843137254898e-2
0.0e0 2.9411764705882353e-2 1.9607843137254898e-2 1.9607843137254898e-2

2.217391304347826e0 9.80392156862745e-3 6.1525365938632615e-2 6.1525365938632615e-2
2.217391304347826e0 1.0656436487638534e-2 6.590525139965384e-2 6.590525139965384e-2
2.217391304347826e0 1.1508951406649617e-2 7.03328204140095e-2 7.03328204140095e-2
2.217391304347826e0 1.2361466325660698e-2 7.47896882457547e-2 7.47896882457547e-2
2.217391304347826e0 1.3213981244671782e-2 7.925697861540466e-2 7.925697861540466e-2
2.217391304347826e0 1.4066496163682864e-2 8.371543342614896e-2 8.371543342614896e-2
2.217391304347826e0 1.4919011082693947e-2 8.814552606836284e-2 8.814552606836284e-2
2.217391304347826e0 1.577152600170503e-2 9.25275775404298e-2 9.25275775404298e-2
2.217391304347826e0 1.6624040920716114e-2 9.684187459912318e-2 9.684187459912318e-2
2.217391304347826e0 1.7476555839727195e-2 1.0106878913374916e-1 1.0106878913374916e-1
2.217391304347826e0 1.8329070758738276e-2 1.0518889794510261e-1 1.0518889794510261e-1
2.217391304347826e0 1.918158567774936e-2 1.0918310210317084e-1 1.0918310210317084e-1
2.217391304347826e0 2.0034100596760442e-2 1.1303274505647651e-1 1.1303274505647651e-1
2.217391304347826e0 2.0886615515771527e-2 1.1671972867104023e-1 1.1671972867104023e-1
2.217391304347826e0 2.1739130434782608e-2 1.2022662638814893e-1 1.2022662638814893e-1
2.217391304347826e0 2.259164535379369e-2 1.2353679270733174e-1 1.2353679270733174e-1
2.217391304347826e0 2.3444160272804774e-2 1.2663446822410437e-1 1.2663446822410437e-1
2.217391304347826e0 2.429667519181586e-2 1.2950487948098394e-1 1.2950487948098394e-1
2.217391304347826e0 2.514919011082694e-2 1.321343329247244e-1 1.321343329247244e-1
2.217391304347826e0 2.600170502983802e-2 1.3451030230257116e-1 1.3451030230257116e-1
2.217391304347826e0 2.6854219948849106e-2 1.366215088751165e-1 1.366215088751165e-1
2.217391304347826e0 2.7706734867860187e-2 1.3845799387290006e-1 1.3845799387290006e-1
2.217391304347826e0 2.855924978687127e-2 1.400111826777446e-1 1.400111826777446e-1
2.217391304347826e0 2.9411764705882353e-2 1.4127394026761564e-1 1.4127394026761564e-1

4.434782608695652e0 9.80392156862745e-3 1.3440743572404257e-1 1.3440743572404257e-1
4.434782608695652e0 1.0656436487638534e-2 1.532935037038171e-1 1.532935037038171e-1
4.434782608695652e0 1.1508951406649617e-2 1.7310533160357963e-1 1.7310533160357963e-1
4.434782608695652e0 1.2361466325660698e-2 1.93594833571507e-1 1.93594833571507e-1
4.434782608695652e0 1.3213981244671782e-2 2.1448371258505117e-1 2.1448371258505117e-1
4.434782608695652e0 1.4066496163682864e-2 2.3546879686083028e-1 2.3546879686083028e-1
4.434782608695652e0 1.4919011082693947e-2 2.562282211499183e-1 2.562282211499183e-1
4.434782608695652e0 1.577152600170503e-2 2.7642830485831055e-1 2.7642830485831055e-1
4.434782608695652e0 1.6624040920716114e-2 2.9573095555939666e-1 2.9573095555939666e-1
4.434782608695652e0 1.7476555839727195e-2 3.138014077638709e-1 3.138014077638709e-1
4.434782608695652e0 1.8329070758738276e-2 3.303160934201548e-1 3.303160934201548e-1
4.434782608695652e0 1.918158567774936e-2 3.4497043301561026e-1 3.4497043301561026e-1
4.434782608695652e0 2.0034100596760442e-2 3.5748633464329277e-1 3.5748633464329277e-1
4.434782608695652e0 2.0886615515771527e-2 3.676191931137372e-1 3.676191931137372e-1
4.434782608695652e0 2.1739130434782608e-2 3.751641920592357e-1 3.751641920592357e-1
4.434782608695652e0 2.259164535379369e-2 3.7996172874219614e-1 3.7996172874219614e-1
4.434782608695652e0 2.3444160272804774e-2 3.8190180349942077e-1 3.8190180349942077e-1
4.434782608695652e0 2.429667519181586e-2 3.809272428191643e-1 3.809272428191643e-1
4.434782608695652e0 2.514919011082694e-2 3.7703565619269114e-1 3.7703565619269114e-1
4.434782608695652e0 2.600170502983802e-2 3.70280061212042e-1 3.70280061212042e-1
4.434782608695652e0 2.6854219948849106e-2 3.607681479012472e-1 3.607681479012472e-1
4.434782608695652e0 2.7706734867860187e-2 3.486601908979991e-1 3.486601908979991e-1
4.434782608695652e0 2.855924978687127e-2 3.341656557337318e-1 3.341656557337318e-1
4.434782608695652e0 2.9411764705882353e-2 3.175385819742839e-1 3.175385819742839e-1

6.6521739130434785e0 9.80392156862745e-3 1.463280246082556e-1 1.463280246082556e-1
6.6521739130434785e0 1.0656436487638534e-2 1.8455674475813238e-1 1.8455674475813238e-1
6.6521739130434785e0 1.1508951406649617e-2 2.2783246191989429e-1 2.2783246191989429e-1
6.6521739130434785e0 1.2361466325660698e-2 2.7539237749127055e-1 2.7539237749127055e-1
6.6521739130434785e0 1.3213981244671782e-2 3.261717092103161e-1 3.261717092103161e-1
6.6521739130434785e0 1.4066496163682864e-2 3.788333764939204e-1 3.788333764939204e-1
6.6521739130434785e0 1.4919011082693947e-2 4.318160062623032e-1 4.318160062623032e-1
6.6521739130434785e0 1.577152600170503e-2 4.83398307883836e-1 4.83398307883836e-1
6.6521739130434785e0 1.6624040920716114e-2 5.317767119182712e-1 5.317767119182712e-1
6.6521739130434785e0 1.7476555839727195e-2 5.751521776110563e-1 5.751521776110563e-1
6.6521739130434785e0 1.8329070758738276e-2 6.118213214153311e-1 6.118213214153311e-1
6.6521739130434785e0 1.918158567774936e-2 6.402665614108664e-1 6.402665614108664e-1
6.6521739130434785e0 2.0034100596760442e-2 6.592398495325922e-1 6.592398495325922e-1
6.6521739130434785e0 2.0886615515771527e-2 6.67834791997509e-1 6.67834791997509e-1
6.6521739130434785e0 2.1739130434782608e-2 6.655425313777095e-1 6.655425313777095e-1
6.6521739130434785e0 2.259164535379369e-2 6.522876507605241e-1 6.522876507605241e-1
6.6521739130434785e0 2.3444160272804774e-2 6.2844150864511e-1 6.2844150864511e-1
6.6521739130434785e0 2.429667519181586e-2 5.948117511738804e-1 5.948117511738804e-1
6.6521739130434785e0 2.514919011082694e-2 5.526081904481892e-1 5.526081904481892e-1
6.6521739130434785e0 2.600170502983802e-2 5.033866901700615e-1 5.033866901700615e-1
6.6521739130434785e0 2.6854219948849106e-2 4.489740669017892e-1 4.489740669017892e-1
6.6521739130434785e0 2.7706734867860187e-2 3.913782057382861e-1 3.913782057382861e-1
6.6521739130434785e0 2.855924978687127e-2 3.3268852305454144e-1 3.3268852305454144e-1
6.6521739130434785e0 2.9411764705882353e-2 2.749725227709798e-1 2.749725227709798e-1

8.869565217391305e0 9.80392156862745e-3 8.225171456040259e-2 8.225171456040259e-2
8.869565217391305e0 1.0656436487638534e-2 1.2491589799170738e-1 1.2491589799170738e-1
8.869565217391305e0 1.1508951406649617e-2 1.812139861584432e-1 1.812139861584432e-1
8.869565217391305e0 1.2361466325660698e-2 2.508977736780105e-1 2.508977736780105e-1
8.869565217391305e0 1.3213981244671782e-2 3.3245768112651025e-1 3.3245768112651025e-1
8.869565217391305e0 1.4066496163682864e-2 4.2308331574209873e-1 4.2308331574209873e-1
8.869565217391305e0 1.4919011082693947e-2 5.187592685077881e-1 5.187592685077881e-1
8.869565217391305e0 1.577152600170503e-2 6.144978562434888e-1 6.144978562434888e-1
8.869565217391305e0 1.6624040920716114e-2 7.046946910090371e-1 7.046946910090371e-1
8.869565217391305e0 1.7476555839727195e-2 7.835778487877216e-1 7.835778487877216e-1
8.869565217391305e0 1.8329070758738276e-2 8.457088954189838e-1 8.457088954189838e-1
8.869565217391305e0 1.918158567774936e-2 8.864857495852002e-1 8.864857495852002e-1
8.869565217391305e0 2.0034100596760442e-2 9.025945039642659e-1 9.025945039642659e-1
8.869565217391305e0 2.0886615515771527e-2 8.923604503320026e-1 8.923604503320026e-1
8.869565217391305e0 2.1739130434782608e-2 8.559575163639618e-1 8.559575163639618e-1
8.869565217391305e0 2.259164535379369e-2 7.954492619765385e-1 7.954492619765385e-1
8.869565217391305e0 2.3444160272804774e-2 7.14652015456228e-1 7.14652015456228e-1
8.869565217391305e0 2.429667519181586e-2 6.188297089856868e-1 6.188297089856868e-1
8.869565217391305e0 2.514919011082694e-2 5.142483227051988e-1 5.142483227051988e-1
8.869565217391305e0 2.600170502983802e-2 4.0763341948087023e-1 4.0763341948087023e-1
8.869565217391305e0 2.6854219948849106e-2 3.055851949669093e-1 3.055851949669093e-1
8.869565217391305e0 2.7706734867860187e-2 2.1401044808856473e-1 2.1401044808856473e-1
8.869565217391305e0 2.855924978687127e-2 1.376292560795565e-1 1.376292560795565e-1
8.869565217391305e0 2.9411764705882353e-2 7.960605289964617e-2 7.960605289964617e-2

1.108695652173913e1 9.80392156862745e-3 2.2997844021127183e-2 2.2997844021127183e-2
1.108695652173913e1 1.0656436487638534e-2 4.071896529080461e-2 4.071896529080461e-2
1.108695652173913e1 1.1508951406649617e-2 7.865289260702447e-2 7.865289260702447e-2
1.108695652173913e1 1.2361466325660698e-2 1.4085855844316536e-1 1.4085855844316536e-1
1.108695652173913e1 1.3213981244671782e-2 2.2873423684223776e-1 2.2873423684223776e-1
1.108695652173913e1 1.4066496163682864e-2 3.402157867637581e-1 3.402157867637581e-1
1.108695652173913e1 1.4919011082693947e-2 4.6944899565570086e-1 4.6944899565570086e-1
1.108695652173913e1 1.577152600170503e-2 6.070562547776712e-1 6.070562547776712e-1
1.108695652173913e1 1.6624040920716114e-2 7.410203868103162e-1 7.410203868103162e-1
1.108695652173913e1 1.7476555839727195e-2 8.580982886405019e-1 8.580982886405019e-1
1.108695652173913e1 1.8329070758738276e-2 9.45574385224679e-1 9.45574385224679e-1
1.108695652173913e1 1.918158567774936e-2 9.930887401158324e-1 9.930887401158324e-1
1.108695652173913e1 2.0034100596760442e-2 9.942428909404257e-1 9.942428909404257e-1
1.108695652173913e1 2.0886615515771527e-2 9.477064514356793e-1 9.477064514356793e-1
1.108695652173913e1 2.1739130434782608e-2 8.5761817501635e-1 8.5761817501635e-1
1.108695652173913e1 2.259164535379369e-2 7.33185802983049e-1 7.33185802983049e-1
1.108695652173913e1 2.3444160272804774e-2 5.875209784341937e-1 5.875209784341937e-1
1.108695652173913e1 2.429667519181586e-2 4.3587551000185687e-1 4.3587551000185687e-1
1.108695652173913e1 2.514919011082694e-2 2.935496931240331e-1 2.935496931240331e-1
1.108695652173913e1 2.600170502983802e-2 1.7380275594652395e-1 1.7380275594652395e-1
1.108695652173913e1 2.6854219948849106e-2 8.609823208173846e-2 8.609823208173846e-2
1.108695652173913e1 2.7706734867860187e-2 3.496187323818488e-2 3.496187323818488e-2
1.108695652173913e1 2.855924978687127e-2 1.9625964901653394e-2 1.9625964901653394e-2
1.108695652173913e1 2.9411764705882353e-2 3.4499990077400663e-2 3.4499990077400663e-2

1.3304347826086957e1 9.80392156862745e-3 4.330321686467347e-2 4.330321686467347e-2
1.3304347826086957e1 1.0656436487638534e-2 2.5631589457833275e-2 2.5631589457833275e-2
1.3304347826086957e1 1.1508951406649617e-2 2.003619072357076e-2 2.003619072357076e-2
1.3304347826086957e1 1.2361466325660698e-2 3.848067343711776e-2 3.848067343711776e-2
1.3304347826086957e1 1.3213981244671782e-2 9.10269331090329e-2 9.10269331090329e-2
1.3304347826086957e1 1.4066496163682864e-2 1.826721078311143e-1 1.826721078311143e-1
1.3304347826086957e1 1.4919011082693947e-2 3.1088685894175655e-1 3.1088685894175655e-1
1.3304347826086957e1 1.577152600170503e-2 4.646308791051281e-1 4.646308791051281e-1
1.3304347826086957e1 1.6624040920716114e-2 6.253207638913443e-1 6.253207638913443e-1
1.3304347826086957e1 1.7476555839727195e-2 7.697598895327182e-1 7.697598895327182e-1
1.3304347826086957e1 1.8329070758738276e-2 8.745247631429235e-1 8.745247631429235e-1
1.3304347826086957e1 1.918158567774936e-2 9.208756815482178e-1 9.208756815482178e-1
1.3304347826086957e1 2.0034100596760442e-2 8.990450483171335e-1 8.990450483171335e-1
1.3304347826086957e1 2.0886615515771527e-2 8.108274026303885e-1 8.108274026303885e-1
1.3304347826086957e1 2.1739130434782608e-2 6.697501381542282e-1 6.697501381542282e-1
1.3304347826086957e1 2.259164535379369e-2 4.986643960681568e-1 4.986643960681568e-1
1.3304347826086957e1 2.3444160272804774e-2 3.252234913987301e-1 3.252234913987301e-1
1.3304347826086957e1 2.429667519181586e-2 1.7624926194272256e-1 1.7624926194272256e-1
1.3304347826086957e1 2.514919011082694e-2 7.22822998073415e-2 7.22822998073415e-2
1.3304347826086957e1 2.600170502983802e-2 2.358669661364419e-2 2.358669661364419e-2
1.3304347826086957e1 2.6854219948849106e-2 2.8533730035671744e-2 2.8533730035671744e-2
1.3304347826086957e1 2.7706734867860187e-2 7.470714074758616e-2 7.470714074758616e-2
1.3304347826086957e1 2.855924978687127e-2 1.4240420947191695e-1 1.4240420947191695e-1
1.3304347826086957e1 2.9411764705882353e-2 2.0962478671560789e-1 2.0962478671560789e-1

1.5521739130434783e1 9.80392156862745e-3 1.1755670163262251e-1 1.1755670163262251e-1
1.5521739130434783e1 1.0656436487638534e-2 9.643785882314701e-2 9.643785882314701e-2
1.5521739130434783e1 1.1508951406649617e-2 6.245226415026971e-2 6.245226415026971e-2
1.5521739130434783e1 1.2361466325660698e-2 3.0480723788291527e-2 3.0480723788291527e-2
1.5521739130434783e1 1.3213981244671782e-2 2.0270274245676376e-2 2.0270274245676376e-2
1.5521739130434783e1 1.4066496163682864e-2 5.015113940909925e-2 5.015113940909925e-2
1.5521739130434783e1 1.4919011082693947e-2 1.298994451671123e-1 1.298994451671123e-1
1.5521739130434783e1 1.577152600170503e-2 2.553066113894472e-1 2.553066113894472e-1
1.5521739130434783e1 1.6624040920716114e-2 4.0675100952237736e-1 4.0675100952237736e-1
1.5521739130434783e1 1.7476555839727195e-2 5.528849843984315e-1 5.528849843984315e-1
1.5521739130434783e1 1.8329070758738276e-2 6.58807691703484e-1 6.58807691703484e-1
1.5521739130434783e1 1.918158567774936e-2 6.964006241471916e-1 6.964006241471916e-1
1.5521739130434783e1 2.0034100596760442e-2 6.535018758520461e-1 6.535018758520461e-1
1.5521739130434783e1 2.0886615515771527e-2 5.387180527006239e-1 5.387180527006239e-1
1.5521739130434783e1 2.1739130434782608e-2 3.7995672965584587e-1 3.7995672965584587e-1
1.5521739130434783e1 2.259164535379369e-2 2.1681225067479337e-1 2.1681225067479337e-1
1.5521739130434783e1 2.3444160272804774e-2 8.905085770114908e-2 8.905085770114908e-2
1.5521739130434783e1 2.429667519181586e-2 2.4856959188442173e-2 2.4856959188442173e-2
1.5521739130434783e1 2.514919011082694e-2 3.26845813883014e-2 3.26845813883014e-2
1.5521739130434783e1 2.600170502983802e-2 9.940325321185786e-2 9.940325321185786e-2
1.5521739130434783e1 2.6854219948849106e-2 1.953169662136672e-1 1.953169662136672e-1
1.5521739130434783e1 2.7706734867860187e-2 2.8430520581595664e-1 2.8430520581595664e-1
1.5521739130434783e1 2.855924978687127e-2 3.356133441310515e-1 3.356133441310515e-1
1.5521739130434783e1 2.9411764705882353e-2 3.333193737133571e-1 3.333193737133571e-1

1.773913043478261e1 9.80392156862745e-3 1.52102507107029e-1 1.52102507107029e-1
1.773913043478261e1 1.0656436487638534e-2 1.7436869568052937e-1 1.7436869568052937e-1
1.773913043478261e1 1.1508951406649617e-2 1.6459095734146967e-1 1.6459095734146967e-1
1.773913043478261e1 1.2361466325660698e-2 1.2363486505707585e-1 1.2363486505707585e-1
1.773913043478261e1 1.3213981244671782e-2 6.832634814447991e-2 6.832634814447991e-2
1.773913043478261e1 1.4066496163682864e-2 2.6516541588002575e-2 2.6516541588002575e-2
1.773913043478261e1 1.4919011082693947e-2 2.5593134440473012e-2 2.5593134440473012e-2
1.773913043478261e1 1.577152600170503e-2 7.914861230932727e-2 7.914861230932727e-2
1.773913043478261e1 1.6624040920716114e-2 1.7817086634189777e-1 1.7817086634189777e-1
1.773913043478261e1 1.7476555839727195e-2 2.917365072985556e-1 2.917365072985556e-1
1.773913043478261e1 1.8329070758738276e-2 3.7811492333452373e-1 3.7811492333452373e-1
1.773913043478261e1 1.918158567774936e-2 4.022071144076893e-1 4.022071144076893e-1
1.773913043478261e1 2.0034100596760442e-2 3.51759905413448e-1 3.51759905413448e-1
1.773913043478261e1 2.0886615515771527e-2 2.4468138100309839e-1 2.4468138100309839e-1
1.773913043478261e1 2.1739130434782608e-2 1.2336932283254694e-1 1.2336932283254694e-1
1.773913043478261e1 2.259164535379369e-2 3.7769187566864065e-2 3.7769187566864065e-2
1.773913043478261e1 2.3444160272804774e-2 2.422975234896012e-2 2.422975234896012e-2
1.773913043478261e1 2.429667519181586e-2 8.95203050203669e-2 8.95203050203669e-2
1.773913043478261e1 2.514919011082694e-2 2.073696864648738e-1 2.073696864648738e-1
1.773913043478261e1 2.600170502983802e-2 3.293716741433804e-1 3.293716741433804e-1
1.773913043478261e1 2.6854219948849106e-2 4.0558144457204304e-1 4.0558144457204304e-1
1.773913043478261e1 2.7706734867860187e-2 4.0566374864074933e-1 4.0566374864074933e-1
1.773913043478261e1 2.855924978687127e-2 3.31182254556999e-1 3.31182254556999e-1
1.773913043478261e1 2.9411764705882353e-2 2.1370342120949803e-1 2.1370342120949803e-1

1.9956521739130437e1 9.80392156862745e-3 1.0336806891495565e-1 1.0336806891495565e-1
1.9956521739130437e1 1.0656436487638534e-2 1.7272923248288685e-1 1.7272923248288685e-1
1.9956521739130437e1 1.1508951406649617e-2 2.269766479190248e-1 2.269766479190248e-1
1.9956521739130437e1 1.2361466325660698e-2 2.3903923158922397e-1 2.3903923158922397e-1
1.9956521739130437e1 1.3213981244671782e-2 1.999717798138138e-1 1.999717798138138e-1
1.9956521739130437e1 1.4066496163682864e-2 1.267250710354076e-1 1.267250710354076e-1
1.9956521739130437e1 1.4919011082693947e-2 5.5084721035081476e-2 5.5084721035081476e-2
1.9956521739130437e1 1.577152600170503e-2 2.03672731163864e-2 2.03672731163864e-2
1.9956521739130437e1 1.6624040920716114e-2 3.669300819300983e-2 3.669300819300983e-2
1.9956521739130437e1 1.7476555839727195e-2 8.7779110827818e-2 8.7779110827818e-2
1.9956521739130437e1 1.8329070758738276e-2 1.361419998676653e-1 1.361419998676653e-1
1.9956521739130437e1 1.918158567774936e-2 1.4647543717233236e-1 1.4647543717233236e-1
1.9956521739130437e1 2.0034100596760442e-2 1.095134963708607e-1 1.095134963708607e-1
1.9956521739130437e1 2.0886615515771527e-2 5.1150633407788006e-2 5.1150633407788006e-2
1.9956521739130437e1 2.1739130434782608e-2 1.9635251411044774e-2 1.9635251411044774e-2
1.9956521739130437e1 2.259164535379369e-2 5.690965694245991e-2 5.690965694245991e-2
1.9956521739130437e1 2.3444160272804774e-2 1.7061980451776218e-1 1.7061980451776218e-1
1.9956521739130437e1 2.429667519181586e-2 3.2418601957799636e-1 3.2418601957799636e-1
1.9956521739130437e1 2.514919011082694e-2 4.5246489920466954e-1 4.5246489920466954e-1
1.9956521739130437e1 2.600170502983802e-2 4.9546170741570794e-1 4.9546170741570794e-1
1.9956521739130437e1 2.6854219948849106e-2 4.313078490534929e-1 4.313078490534929e-1
1.9956521739130437e1 2.7706734867860187e-2 2.8934576065372203e-1 2.8934576065372203e-1
1.9956521739130437e1 2.855924978687127e-2 1.3525892708525758e-1 1.3525892708525758e-1
1.9956521739130437e1 2.9411764705882353e-2 3.633030692389836e-2 3.633030692389836e-2

2.217391304347826e1 9.80392156862745e-3 3.282204920342535e-2 3.282204920342535e-2
2.217391304347826e1 1.0656436487638534e-2 9.334330496071208e-2 9.334330496071208e-2
2.217391304347826e1 1.1508951406649617e-2 1.8885023270863435e-1 1.8885023270863435e-1
2.217391304347826e1 1.2361466325660698e-2 2.7894346565783423e-1 2.7894346565783423e-1
2.217391304347826e1 1.3213981244671782e-2 3.187151992888698e-1 3.187151992888698e-1
2.217391304347826e1 1.4066496163682864e-2 2.8736144976327255e-1 2.8736144976327255e-1
2.217391304347826e1 1.4919011082693947e-2 2.022249914222307e-1 2.022249914222307e-1
2.217391304347826e1 1.577152600170503e-2 1.0706236559265418e-1 1.0706236559265418e-1
2.217391304347826e1 1.6624040920716114e-2 4.2424550695055706e-2 4.2424550695055706e-2
2.217391304347826e1 1.7476555839727195e-2 2.025685800681939e-2 2.025685800681939e-2
2.217391304347826e1 1.8329070758738276e-2 2.2280299475080412e-2 2.2280299475080412e-2
2.217391304347826e1 1.918158567774936e-2 2.324276447490437e-2 2.324276447490437e-2
2.217391304347826e1 2.0034100596760442e-2 1.9645130611029085e-2 1.9645130611029085e-2
2.217391304347826e1 2.0886615515771527e-2 3.87096278002022e-2 3.87096278002022e-2
2.217391304347826e1 2.1739130434782608e-2 1.1712596594640325e-1 1.1712596594640325e-1
2.217391304347826e1 2.259164535379369e-2 2.6403772207249376e-1 2.6403772207249376e-1
2.217391304347826e1 2.3444160272804774e-2 4.382032157954093e-1 4.382032157954093e-1
2.217391304347826e1 2.429667519181586e-2 5.617250177954456e-1 5.617250177954456e-1
2.217391304347826e1 2.514919011082694e-2 5.661069074555937e-1 5.661069074555937e-1
2.217391304347826e1 2.600170502983802e-2 4.4020542042694755e-1 4.4020542042694755e-1
2.217391304347826e1 2.6854219948849106e-2 2.4459742471723206e-1 2.4459742471723206e-1
2.217391304347826e1 2.7706734867860187e-2 7.858147322435918e-2 7.858147322435918e-2
2.217391304347826e1 2.855924978687127e-2 1.9680326410555355e-2 1.9680326410555355e-2
2.217391304347826e1 2.9411764705882353e-2 7.634878638163126e-2 7.634878638163126e-2

2.4391304347826086e1 9.80392156862745e-3 2.9444019961661714e-2 2.9444019961661714e-2
2.4391304347826086e1 1.0656436487638534e-2 2.4524509492209717e-2 2.4524509492209717e-2
2.4391304347826086e1 1.1508951406649617e-2 8.734405366224872e-2 8.734405366224872e-2
2.4391304347826086e1 1.2361466325660698e-2 2.0954769233410056e-1 2.0954769233410056e-1
2.4391304347826086e1 1.3213981244671782e-2 3.375219478339624e-1 3.375219478339624e-1
2.4391304347826086e1 1.4066496163682864e-2 4.0676965439520185e-1 4.0676965439520185e-1
2.4391304347826086e1 1.4919011082693947e-2 3.8644182590500714e-1 3.8644182590500714e-1
2.4391304347826086e1 1.577152600170503e-2 2.977902556417889e-1 2.977902556417889e-1
2.4391304347826086e1 1.6624040920716114e-2 1.9293043798591245e-1 1.9293043798591245e-1
2.4391304347826086e1 1.7476555839727195e-2 1.1540433385395e-1 1.1540433385395e-1
2.4391304347826086e1 1.8329070758738276e-2 7.859343065186633e-2 7.859343065186633e-2
2.4391304347826086e1 1.918158567774936e-2 7.782398326219979e-2 7.782398326219979e-2
2.4391304347826086e1 2.0034100596760442e-2 1.1661227187046598e-1 1.1661227187046598e-1
2.4391304347826086e1 2.0886615515771527e-2 2.1253864557050958e-1 2.1253864557050958e-1
2.4391304347826086e1 2.1739130434782608e-2 3.7038130842976524e-1 3.7038130842976524e-1
2.4391304347826086e1 2.259164535379369e-2 5.488183328887921e-1 5.488183328887921e-1
2.4391304347826086e1 2.3444160272804774e-2 6.624382757448697e-1 6.624382757448697e-1
2.4391304347826086e1 2.429667519181586e-2 6.329618599865904e-1 6.329618599865904e-1
2.4391304347826086e1 2.514919011082694e-2 4.546988109407889e-1 4.546988109407889e-1
2.4391304347826086e1 2.600170502983802e-2 2.15990624197102e-1 2.15990624197102e-1
2.4391304347826086e1 2.6854219948849106e-2 4.792651749820523e-2 4.792651749820523e-2
2.4391304347826086e1 2.7706734867860187e-2 3.289925488234922e-2 3.289925488234922e-2
2.4391304347826086e1 2.855924978687127e-2 1.4480783673615089e-1 1.4480783673615089e-1
2.4391304347826086e1 2.9411764705882353e-2 2.7168048392159766e-1 2.7168048392159766e-1

2.6608695652173914e1 9.80392156862745e-3 9.749468359822107e-2 9.749468359822107e-2
2.6608695652173914e1 1.0656436487638534e-2 4.283094038875585e-2 4.283094038875585e-2
2.6608695652173914e1 1.1508951406649617e-2 2.131771060815689e-2 2.131771060815689e-2
2.6608695652173914e1 1.2361466325660698e-2 8.963185098227683e-2 8.963185098227683e-2
2.6608695652173914e1 1.3213981244671782e-2 2.4260735469607977e-1 2.4260735469607977e-1
2.6608695652173914e1 1.4066496163682864e-2 4.0938421627755595e-1 4.0938421627755595e-1
2.6608695652173914e1 1.4919011082693947e-2 5.068604551284042e-1 5.068604551284042e-1
2.6608695652173914e1 1.577152600170503e-2 5.013755761075858e-1 5.013755761075858e-1
2.6608695652173914e1 1.6624040920716114e-2 4.242679804663017e-1 4.242679804663017e-1
2.6608695652173914e1 1.7476555839727195e-2 3.362536582984135e-1 3.362536582984135e-1
2.6608695652173914e1 1.8329070758738276e-2 2.8427779135461406e-1 2.8427779135461406e-1
2.6608695652173914e1 1.918158567774936e-2 2.9014859027704104e-1 2.9014859027704104e-1
2.6608695652173914e1 2.0034100596760442e-2 3.6323563325182506e-1 3.6323563325182506e-1
2.6608695652173914e1 2.0886615515771527e-2 5.00257426293585e-1 5.00257426293585e-1
2.6608695652173914e1 2.1739130434782608e-2 6.613076948644059e-1 6.613076948644059e-1
2.6608695652173914e1 2.259164535379369e-2 7.595517043664133e-1 7.595517043664133e-1
2.6608695652173914e1 2.3444160272804774e-2 7.054389318344492e-1 7.054389318344492e-1
2.6608695652173914e1 2.429667519181586e-2 4.8716161761347676e-1 4.8716161761347676e-1
2.6608695652173914e1 2.514919011082694e-2 2.099976338454039e-1 2.099976338454039e-1
2.6608695652173914e1 2.600170502983802e-2 3.5392629390231356e-2 3.5392629390231356e-2
2.6608695652173914e1 2.6854219948849106e-2 5.457302436967607e-2 5.457302436967607e-2
2.6608695652173914e1 2.7706734867860187e-2 2.085507208407003e-1 2.085507208407003e-1
2.6608695652173914e1 2.855924978687127e-2 3.37031285931699e-1 3.37031285931699e-1
2.6608695652173914e1 2.9411764705882353e-2 3.193185221532166e-1 3.193185221532166e-1

2.8826086956521742e1 9.80392156862745e-3 1.5114185640205444e-1 1.5114185640205444e-1
2.8826086956521742e1 1.0656436487638534e-2 1.2789744226596358e-1 1.2789744226596358e-1
2.8826086956521742e1 1.1508951406649617e-2 5.507603615631107e-2 5.507603615631107e-2
2.8826086956521742e1 1.2361466325660698e-2 2.0767630278439583e-2 2.0767630278439583e-2
2.8826086956521742e1 1.3213981244671782e-2 1.0354040533406142e-1 1.0354040533406142e-1
2.8826086956521742e1 1.4066496163682864e-2 2.935505540139031e-1 2.935505540139031e-1
2.8826086956521742e1 1.4919011082693947e-2 4.975411864304732e-1 4.975411864304732e-1
2.8826086956521742e1 1.577152600170503e-2 6.204966068352481e-1 6.204966068352481e-1
2.8826086956521742e1 1.6624040920716114e-2 6.381530183751347e-1 6.381530183751347e-1
2.8826086956521742e1 1.7476555839727195e-2 5.969977064839026e-1 5.969977064839026e-1
2.8826086956521742e1 1.8329070758738276e-2 5.633479853321599e-1 5.633479853321599e-1
2.8826086956521742e1 1.918158567774936e-2 5.821409798192909e-1 5.821409798192909e-1
2.8826086956521742e1 2.0034100596760442e-2 6.649545152306551e-1 6.649545152306551e-1
2.8826086956521742e1 2.0886615515771527e-2 7.820634160284191e-1 7.820634160284191e-1
2.8826086956521742e1 2.1739130434782608e-2 8.542454415635318e-1 8.542454415635318e-1
2.8826086956521742e1 2.259164535379369e-2 7.839822757805552e-1 7.839822757805552e-1
2.8826086956521742e1 2.3444160272804774e-2 5.4076333003025e-1 5.4076333003025e-1
2.8826086956521742e1 2.429667519181586e-2 2.281633246659649e-1 2.281633246659649e-1
2.8826086956521742e1 2.514919011082694e-2 3.354215591067923e-2 3.354215591067923e-2
2.8826086956521742e1 2.600170502983802e-2 6.963418979829175e-2 6.963418979829175e-2
2.8826086956521742e1 2.6854219948849106e-2 2.573292040962482e-1 2.573292040962482e-1
2.8826086956521742e1 2.7706734867860187e-2 3.8924430222867046e-1 3.8924430222867046e-1
2.8826086956521742e1 2.855924978687127e-2 3.296471647889504e-1 3.296471647889504e-1
2.8826086956521742e1 2.9411764705882353e-2 1.453647401974844e-1 1.453647401974844e-1

3.1043478260869566e1 9.80392156862745e-3 1.227204526031113e-1 1.227204526031113e-1
3.1043478260869566e1 1.0656436487638534e-2 1.8509101219027502e-1 1.8509101219027502e-1
3.1043478260869566e1 1.1508951406649617e-2 1.5574088844463682e-1 1.5574088844463682e-1
3.1043478260869566e1 1.2361466325660698e-2 6.12847313479853e-2 6.12847313479853e-2
3.1043478260869566e1 1.3213981244671782e-2 2.225217544578163e-2 2.225217544578163e-2
3.1043478260869566e1 1.4066496163682864e-2 1.3257204739966302e-1 1.3257204739966302e-1
3.1043478260869566e1 1.4919011082693947e-2 3.635871314953284e-1 3.635871314953284e-1
3.1043478260869566e1 1.577152600170503e-2 5.982088510874387e-1 5.982088510874387e-1
3.1043478260869566e1 1.6624040920716114e-2 7.437161190602251e-1 7.437161190602251e-1
3.1043478260869566e1 1.7476555839727195e-2 7.963289595648291e-1 7.963289595648291e-1
3.1043478260869566e1 1.8329070758738276e-2 8.127078938575697e-1 8.127078938575697e-1
3.1043478260869566e1 1.918158567774936e-2 8.464302588311212e-1 8.464302588311212e-1
3.1043478260869566e1 2.0034100596760442e-2 9.060834110493701e-1 9.060834110493701e-1
3.1043478260869566e1 2.0886615515771527e-2 9.40616074121895e-1 9.40616074121895e-1
3.1043478260869566e1 2.1739130434782608e-2 8.592272065846965e-1 8.592272065846965e-1
3.1043478260869566e1 2.259164535379369e-2 6.090961259202864e-1 6.090961259202864e-1
3.1043478260869566e1 2.3444160272804774e-2 2.696733724013755e-1 2.696733724013755e-1
3.1043478260869566e1 2.429667519181586e-2 4.042574545708992e-2 4.042574545708992e-2
3.1043478260869566e1 2.514919011082694e-2 7.066319296570668e-2 7.066319296570668e-2
3.1043478260869566e1 2.600170502983802e-2 2.862513000846301e-1 2.862513000846301e-1
3.1043478260869566e1 2.6854219948849106e-2 4.3631804374352845e-1 4.3631804374352845e-1
3.1043478260869566e1 2.7706734867860187e-2 3.5247973131411536e-1 3.5247973131411536e-1
3.1043478260869566e1 2.855924978687127e-2 1.3290069068087434e-1 1.3290069068087434e-1
3.1043478260869566e1 2.9411764705882353e-2 1.96636791325601e-2 1.96636791325601e-2

3.326086956521739e1 9.80392156862745e-3 4.807833939083101e-2 4.807833939083101e-2
3.326086956521739e1 1.0656436487638534e-2 1.5078614363457146e-1 1.5078614363457146e-1
3.326086956521739e1 1.1508951406649617e-2 2.2527205841896494e-1 2.2527205841896494e-1
3.326086956521739e1 1.2361466325660698e-2 1.7686416572782365e-1 1.7686416572782365e-1
3.326086956521739e1 1.3213981244671782e-2 5.832401597120398e-2 5.832401597120398e-2
3.326086956521739e1 1.4066496163682864e-2 2.832122967460072e-2 2.832122967460072e-2
3.326086956521739e1 1.4919011082693947e-2 1.783498080259465e-1 1.783498080259465e-1
3.326086956521739e1 1.577152600170503e-2 4.451667250214761e-1 4.451667250214761e-1
3.326086956521739e1 1.6624040920716114e-2 6.961086144611758e-1 6.961086144611758e-1
3.326086956521739e1 1.7476555839727195e-2 8.568007612569135e-1 8.568007612569135e-1
3.326086956521739e1 1.8329070758738276e-2 9.402371855954202e-1 9.402371855954202e-1
3.326086956521739e1 1.918158567774936e-2 9.858324700265029e-1 9.858324700265029e-1
3.326086956521739e1 2.0034100596760442e-2 9.941683174194411e-1 9.941683174194411e-1
3.326086956521739e1 2.0886615515771527e-2 9.098960280255679e-1 9.098960280255679e-1
3.326086956521739e1 2.1739130434782608e-2 6.739299807459116e-1 6.739299807459116e-1
3.326086956521739e1 2.259164535379369e-2 3.280533588446568e-1 3.280533588446568e-1
3.326086956521739e1 2.3444160272804774e-2 5.886700594529491e-2 5.886700594529491e-2
3.326086956521739e1 2.429667519181586e-2 5.765571442926462e-2 5.765571442926462e-2
3.326086956521739e1 2.514919011082694e-2 2.90787420437224e-1 2.90787420437224e-1
3.326086956521739e1 2.600170502983802e-2 4.798719228611869e-1 4.798719228611869e-1
3.326086956521739e1 2.6854219948849106e-2 3.9743679653800623e-1 3.9743679653800623e-1
3.326086956521739e1 2.7706734867860187e-2 1.4352771892534405e-1 1.4352771892534405e-1
3.326086956521739e1 2.855924978687127e-2 1.9770916311870182e-2 1.9770916311870182e-2
3.326086956521739e1 2.9411764705882353e-2 1.3720819714609406e-1 1.3720819714609406e-1

3.547826086956522e1 9.80392156862745e-3 2.136148436420098e-2 2.136148436420098e-2
3.547826086956522e1 1.0656436487638534e-2 6.31455993201001e-2 6.31455993201001e-2
3.547826086956522e1 1.1508951406649617e-2 1.9595126819874412e-1 1.9595126819874412e-1
3.547826086956522e1 1.2361466325660698e-2 2.696072888865699e-1 2.696072888865699e-1
3.547826086956522e1 1.3213981244671782e-2 1.8531656425782697e-1 1.8531656425782697e-1
3.547826086956522e1 1.4066496163682864e-2 4.677147279590333e-2 4.677147279590333e-2
3.547826086956522e1 1.4919011082693947e-2 4.326279202188761e-2 4.326279202188761e-2
3.547826086956522e1 1.577152600170503e-2 2.3453033139340046e-1 2.3453033139340046e-1
3.547826086956522e1 1.6624040920716114e-2 5.155566362195552e-1 5.155566362195552e-1
3.547826086956522e1 1.7476555839727195e-2 7.549178554566985e-1 7.549178554566985e-1
3.547826086956522e1 1.8329070758738276e-2 8.988230721293237e-1 8.988230721293237e-1
3.547826086956522e1 1.918158567774936e-2 9.490868941320405e-1 9.490868941320405e-1
3.547826086956522e1 2.0034100596760442e-2 8.954355872814017e-1 8.954355872814017e-1
3.547826086956522e1 2.0886615515771527e-2 7.026947262861492e-1 7.026947262861492e-1
3.547826086956522e1 2.1739130434782608e-2 3.847583124740141e-1 3.847583124740141e-1
3.547826086956522e1 2.259164535379369e-2 9.05626475773493e-2 9.05626475773493e-2
3.547826086956522e1 2.3444160272804774e-2 3.797274515803079e-2 3.797274515803079e-2
3.547826086956522e1 2.429667519181586e-2 2.6758203570086675e-1 2.6758203570086675e-1
3.547826086956522e1 2.514919011082694e-2 5.126179245846149e-1 5.126179245846149e-1
3.547826086956522e1 2.600170502983802e-2 4.6692670976299055e-1 4.6692670976299055e-1
3.547826086956522e1 2.6854219948849106e-2 1.8284986164243744e-1 1.8284986164243744e-1
3.547826086956522e1 2.7706734867860187e-2 1.9685056362585947e-2 1.9685056362585947e-2
3.547826086956522e1 2.855924978687127e-2 1.4722156253087212e-1 1.4722156253087212e-1
3.547826086956522e1 2.9411764705882353e-2 3.156582142294489e-1 3.156582142294489e-1

3.769565217391305e1 9.80392156862745e-3 7.626781031020274e-2 7.626781031020274e-2
3.769565217391305e1 1.0656436487638534e-2 1.9665899077692645e-2 1.9665899077692645e-2
3.769565217391305e1 1.1508951406649617e-2 9.633482455321872e-2 9.633482455321872e-2
3.769565217391305e1 1.2361466325660698e-2 2.609583776926069e-1 2.609583776926069e-1
3.769565217391305e1 1.3213981244671782e-2 3.1014884663181436e-1 3.1014884663181436e-1
3.769565217391305e1 1.4066496163682864e-2 1.7624685154108735e-1 1.7624685154108735e-1
3.769565217391305e1 1.4919011082693947e-2 3.229799609649274e-2 3.229799609649274e-2
3.769565217391305e1 1.577152600170503e-2 6.699207822253016e-2 6.699207822253016e-2
3.769565217391305e1 1.6624040920716114e-2 2.787680082554126e-1 2.787680082554126e-1
3.769565217391305e1 1.7476555839727195e-2 5.302650552068373e-1 5.302650552068373e-1
3.769565217391305e1 1.8329070758738276e-2 7.037650531946147e-1 7.037650531946147e-1
3.769565217391305e1 1.918158567774936e-2 7.497055452995491e-1 7.497055452995491e-1
3.769565217391305e1 2.0034100596760442e-2 6.477414722715439e-1 6.477414722715439e-1
3.769565217391305e1 2.0886615515771527e-2 4.052882370347578e-1 4.052882370347578e-1
3.769565217391305e1 2.1739130434782608e-2 1.2655365609593613e-1 1.2655365609593613e-1
3.769565217391305e1 2.259164535379369e-2 2.3132920311938806e-2 2.3132920311938806e-2
3.769565217391305e1 2.3444160272804774e-2 2.198388357205984e-1 2.198388357205984e-1
3.769565217391305e1 2.429667519181586e-2 5.206950373051099e-1 5.206950373051099e-1
3.769565217391305e1 2.514919011082694e-2 5.534524820433838e-1 5.534524820433838e-1
3.769565217391305e1 2.600170502983802e-2 2.596888592686283e-1 2.596888592686283e-1
3.769565217391305e1 2.6854219948849106e-2 2.526400204287863e-2 2.526400204287863e-2
3.769565217391305e1 2.7706734867860187e-2 1.3344761738746427e-1 1.3344761738746427e-1
3.769565217391305e1 2.855924978687127e-2 3.3841918503273594e-1 3.3841918503273594e-1
3.769565217391305e1 2.9411764705882353e-2 2.781944372125512e-1 2.781944372125512e-1

3.9913043478260875e1 9.80392156862745e-3 1.4354406379010604e-1 1.4354406379010604e-1
3.9913043478260875e1 1.0656436487638534e-2 6.87164305016376e-2 6.87164305016376e-2
3.9913043478260875e1 1.1508951406649617e-2 2.3441863141229726e-2 2.3441863141229726e-2
3.9913043478260875e1 1.2361466325660698e-2 1.5824327421380935e-1 1.5824327421380935e-1
3.9913043478260875e1 1.3213981244671782e-2 3.413232866914336e-1 3.413232866914336e-1
3.9913043478260875e1 1.4066496163682864e-2 3.3481105588731014e-1 3.3481105588731014e-1
3.9913043478260875e1 1.4919011082693947e-2 1.514596014805494e-1 1.514596014805494e-1
3.9913043478260875e1 1.577152600170503e-2 2.2641782166649655e-2 2.2641782166649655e-2
3.9913043478260875e1 1.6624040920716114e-2 8.634279353692717e-2 8.634279353692717e-2
3.9913043478260875e1 1.7476555839727195e-2 2.701272590636594e-1 2.701272590636594e-1
3.9913043478260875e1 1.8329070758738276e-2 4.271228654191199e-1 4.271228654191199e-1
3.9913043478260875e1 1.918158567774936e-2 4.6100455864063344e-1 4.6100455864063344e-1
3.9913043478260875e1 2.0034100596760442e-2 3.4605722187818494e-1 3.4605722187818494e-1
3.9913043478260875e1 2.0886615515771527e-2 1.4151295663524685e-1 1.4151295663524685e-1
3.9913043478260875e1 2.1739130434782608e-2 1.9717472751030116e-2 1.9717472751030116e-2
3.9913043478260875e1 2.259164535379369e-2 1.616833188085567e-1 1.616833188085567e-1
3.9913043478260875e1 2.3444160272804774e-2 4.926326439551904e-1 4.926326439551904e-1
3.9913043478260875e1 2.429667519181586e-2 6.36727463515496e-1 6.36727463515496e-1
3.9913043478260875e1 2.514919011082694e-2 3.7965926897352914e-1 3.7965926897352914e-1
3.9913043478260875e1 2.600170502983802e-2 5.463804707724234e-2 5.463804707724234e-2
3.9913043478260875e1 2.6854219948849106e-2 9.557170612696744e-2 9.557170612696744e-2
3.9913043478260875e1 2.7706734867860187e-2 3.4473184124757794e-1 3.4473184124757794e-1
3.9913043478260875e1 2.855924978687127e-2 3.280835743168555e-1 3.280835743168555e-1
3.9913043478260875e1 2.9411764705882353e-2 8.293227814635869e-2 8.293227814635869e-2

4.2130434782608695e1 9.80392156862745e-3 1.3833482327683105e-1 1.3833482327683105e-1
4.2130434782608695e1 1.0656436487638534e-2 1.557304842327777e-1 1.557304842327777e-1
4.2130434782608695e1 1.1508951406649617e-2 4.8264801007623655e-2 4.8264801007623655e-2
4.2130434782608695e1 1.2361466325660698e-2 4.846421598001076e-2 4.846421598001076e-2
4.2130434782608695e1 1.3213981244671782e-2 2.559901403089189e-1 2.559901403089189e-1
4.2130434782608695e1 1.4066496163682864e-2 4.2211940307139e-1 4.2211940307139e-1
4.2130434782608695e1 1.4919011082693947e-2 3.3549624559996805e-1 3.3549624559996805e-1
4.2130434782608695e1 1.577152600170503e-2 1.226806137800013e-1 1.226806137800013e-1
4.2130434782608695e1 1.6624040920716114e-2 2.0033181279405565e-2 2.0033181279405565e-2
4.2130434782608695e1 1.7476555839727195e-2 7.557643729302356e-2 7.557643729302356e-2
4.2130434782608695e1 1.8329070758738276e-2 1.7109565601126225e-1 1.7109565601126225e-1
4.2130434782608695e1 1.918158567774936e-2 1.891445187267386e-1 1.891445187267386e-1
4.2130434782608695e1 2.0034100596760442e-2 1.0605506436447365e-1 1.0605506436447365e-1
4.2130434782608695e1 2.0886615515771527e-2 2.1201660615694146e-2 2.1201660615694146e-2
4.2130434782608695e1 2.1739130434782608e-2 1.1406773535157066e-1 1.1406773535157066e-1
4.2130434782608695e1 2.259164535379369e-2 4.3240943058697656e-1 4.3240943058697656e-1
4.2130434782608695e1 2.3444160272804774e-2 6.886084953851072e-1 6.886084953851072e-1
4.2130434782608695e1 2.429667519181586e-2 5.330409397101967e-1 5.330409397101967e-1
4.2130434782608695e1 2.514919011082694e-2 1.3437642841611405e-1 1.3437642841611405e-1
4.2130434782608695e1 2.600170502983802e-2 4.618044457646254e-2 4.618044457646254e-2
4.2130434782608695e1 2.6854219948849106e-2 3.1752845211916786e-1 3.1752845211916786e-1
4.2130434782608695e1 2.7706734867860187e-2 3.933691264057432e-1 3.933691264057432e-1
4.2130434782608695e1 2.855924978687127e-2 1.3055503932719184e-1 1.3055503932719184e-1
4.2130434782608695e1 2.9411764705882353e-2 3.277074336896707e-2 3.277074336896707e-2

4.434782608695652e1 9.80392156862745e-3 6.721049477138431e-2 6.721049477138431e-2
4.434782608695652e1 1.0656436487638534e-2 1.839084855820471e-1 1.839084855820471e-1
4.434782608695652e1 1.1508951406649617e-2 1.4662791085097948e-1 1.4662791085097948e-1
4.434782608695652e1 1.2361466325660698e-2 2.460678521600566e-2 2.460678521600566e-2
4.434782608695652e1 1.3213981244671782e-2 1.1669553683675933e-1 1.1669553683675933e-1
4.434782608695652e1 1.4066496163682864e-2 3.829202779076153e-1 3.829202779076153e-1
4.434782608695652e1 1.4919011082693947e-2 4.836318290253168e-1 4.836318290253168e-1
4.434782608695652e1 1.577152600170503e-2 3.192861114400358e-1 3.192861114400358e-1
4.434782608695652e1 1.6624040920716114e-2 1.0801092629160491e-1 1.0801092629160491e-1
4.434782608695652e1 1.7476555839727195e-2 2.220189358228318e-2 2.220189358228318e-2
4.434782608695652e1 1.8329070758738276e-2 3.0266838563897495e-2 3.0266838563897495e-2
4.434782608695652e1 1.918158567774936e-2 3.409328882336127e-2 3.409328882336127e-2
4.434782608695652e1 2.0034100596760442e-2 1.9756987326247477e-2 1.9756987326247477e-2
4.434782608695652e1 2.0886615515771527e-2 9.445048971069361e-2 9.445048971069361e-2
4.434782608695652e1 2.1739130434782608e-2 3.6560868628678667e-1 3.6560868628678667e-1
4.434782608695652e1 2.259164535379369e-2 6.910981617862714e-1 6.910981617862714e-1
4.434782608695652e1 2.3444160272804774e-2 6.872574180801564e-1 6.872574180801564e-1
4.434782608695652e1 2.429667519181586e-2 2.8348108023432006e-1 2.8348108023432006e-1
4.434782608695652e1 2.514919011082694e-2 1.9621805010007855e-2 1.9621805010007855e-2
4.434782608695652e1 2.600170502983802e-2 2.423346014307392e-1 2.423346014307392e-1
4.434782608695652e1 2.6854219948849106e-2 4.5043535540246504e-1 4.5043535540246504e-1
4.434782608695652e1 2.7706734867860187e-2 2.1946908336207155e-1 2.1946908336207155e-1
4.434782608695652e1 2.855924978687127e-2 1.989771568808526e-2 1.989771568808526e-2
4.434782608695652e1 2.9411764705882353e-2 2.0552254945142698e-1 2.0552254945142698e-1

4.656521739130435e1 9.80392156862745e-3 1.988007013913102e-2 1.988007013913102e-2
4.656521739130435e1 1.0656436487638534e-2 1.2190356092114521e-1 1.2190356092114521e-1
4.656521739130435e1 1.1508951406649617e-2 2.2273271253604607e-1 2.2273271253604607e-1
4.656521739130435e1 1.2361466325660698e-2 1.0687881687382861e-1 1.0687881687382861e-1
4.656521739130435e1 1.3213981244671782e-2 2.553741425346592e-2 2.553741425346592e-2
4.656521739130435e1 1.4066496163682864e-2 2.420201857189838e-1 2.420201857189838e-1
4.656521739130435e1 1.4919011082693947e-2 5.147492114406411e-1 5.147492114406411e-1
4.656521739130435e1 1.577152600170503e-2 5.184731824082693e-1 5.184731824082693e-1
4.656521739130435e1 1.6624040920716114e-2 3.1289852964492354e-1 3.1289852964492354e-1
4.656521739130435e1 1.7476555839727195e-2 1.3074136913963935e-1 1.3074136913963935e-1
4.656521739130435e1 1.8329070758738276e-2 5.666240795950336e-2 5.666240795950336e-2
4.656521739130435e1 1.918158567774936e-2 5.28660159709005e-2 5.28660159709005e-2
4.656521739130435e1 2.0034100596760442e-2 1.2025152903758707e-1 1.2025152903758707e-1
4.656521739130435e1 2.0886615515771527e-2 3.3075953433243854e-1 3.3075953433243854e-1
4.656521739130435e1 2.1739130434782608e-2 6.570461665210217e-1 6.570461665210217e-1
4.656521739130435e1 2.259164535379369e-2 7.999486108674347e-1 7.999486108674347e-1
4.656521739130435e1 2.3444160272804774e-2 4.894102130591203e-1 4.894102130591203e-1
4.656521739130435e1 2.429667519181586e-2 6.578459052007708e-2 6.578459052007708e-2
4.656521739130435e1 2.514919011082694e-2 1.2990866201553095e-1 1.2990866201553095e-1
4.656521739130435e1 2.600170502983802e-2 4.571291565502403e-1 4.571291565502403e-1
4.656521739130435e1 2.6854219948849106e-2 3.501627873179061e-1 3.501627873179061e-1
4.656521739130435e1 2.7706734867860187e-2 3.7166635109576004e-2 3.7166635109576004e-2
4.656521739130435e1 2.855924978687127e-2 1.4964488280770402e-1 1.4964488280770402e-1
4.656521739130435e1 2.9411764705882353e-2 3.3320771166073954e-1 3.3320771166073954e-1

4.878260869565217e1 9.80392156862745e-3 5.6041331665545015e-2 5.6041331665545015e-2
4.878260869565217e1 1.0656436487638534e-2 3.869365207021923e-2 3.869365207021923e-2
4.878260869565217e1 1.1508951406649617e-2 2.024586913288528e-1 2.024586913288528e-1
4.878260869565217e1 1.2361466325660698e-2 2.2559386175634044e-1 2.2559386175634044e-1
4.878260869565217e1 1.3213981244671782e-2 4.9331400112132495e-2 4.9331400112132495e-2
4.878260869565217e1 1.4066496163682864e-2 8.858537376962625e-2 8.858537376962625e-2
4.878260869565217e1 1.4919011082693947e-2 4.1180891443513595e-1 4.1180891443513595e-1
4.878260869565217e1 1.577152600170503e-2 6.250226412598009e-1 6.250226412598009e-1
4.878260869565217e1 1.6624040920716114e-2 5.476491345035539e-1 5.476491345035539e-1
4.878260869565217e1 1.7476555839727195e-2 3.5902375769425937e-1 3.5902375769425937e-1
4.878260869565217e1 1.8329070758738276e-2 2.4053112305874969e-1 2.4053112305874969e-1
4.878260869565217e1 1.918158567774936e-2 2.3855962820189006e-1 2.3855962820189006e-1
4.878260869565217e1 2.0034100596760442e-2 3.6900692142351854e-1 3.6900692142351854e-1
4.878260869565217e1 2.0886615515771527e-2 6.317326209885429e-1 6.317326209885429e-1
4.878260869565217e1 2.1739130434782608e-2 8.524821680818975e-1 8.524821680818975e-1
4.878260869565217e1 2.259164535379369e-2 7.009772315555021e-1 7.009772315555021e-1
4.878260869565217e1 2.3444160272804774e-2 2.1672658024098954e-1 2.1672658024098954e-1
4.878260869565217e1 2.429667519181586e-2 3.499506190156517e-2 3.499506190156517e-2
4.878260869565217e1 2.514919011082694e-2 3.7440344135084436e-1 3.7440344135084436e-1
4.878260869565217e1 2.600170502983802e-2 4.869200148473943e-1 4.869200148473943e-1
4.878260869565217e1 2.6854219948849106e-2 1.2545038174217427e-1 1.2545038174217427e-1
4.878260869565217e1 2.7706734867860187e-2 7.094315632043621e-2 7.094315632043621e-2
4.878260869565217e1 2.855924978687127e-2 3.3977675160491116e-1 3.3977675160491116e-1
4.878260869565217e1 2.9411764705882353e-2 2.1775554931673086e-1 2.1775554931673086e-1

5.1e1 9.80392156862745e-3 1.300841430684079e-1 1.300841430684079e-1
5.1e1 1.0656436487638534e-2 2.6846378181602862e-2 2.6846378181602862e-2
5.1e1 1.1508951406649617e-2 1.0555126216158674e-1 1.0555126216158674e-1
5.1e1 1.2361466325660698e-2 2.801973355480654e-1 2.801973355480654e-1
5.1e1 1.3213981244671782e-2 1.7063735795442742e-1 1.7063735795442742e-1
5.1e1 1.4066496163682864e-2 1.9714475344234646e-2 1.9714475344234646e-2
5.1e1 1.4919011082693947e-2 2.3117972073659804e-1 2.3117972073659804e-1
5.1e1 1.577152600170503e-2 5.879996927290485e-1 5.879996927290485e-1
5.1e1 1.6624040920716114e-2 7.125285355821289e-1 7.125285355821289e-1
5.1e1 1.7476555839727195e-2 6.183539479231606e-1 6.183539479231606e-1
5.1e1 1.8329070758738276e-2 5.13946880353921e-1 5.13946880353921e-1
5.1e1 1.918158567774936e-2 5.228912191993837e-1 5.228912191993837e-1
5.1e1 2.0034100596760442e-2 6.706449984305707e-1 6.706449984305707e-1
5.1e1 2.0886615515771527e-2 8.720482661169368e-1 8.720482661169368e-1
5.1e1 2.1739130434782608e-2 8.607844066906687e-1 8.607844066906687e-1
5.1e1 2.259164535379369e-2 4.4690508839983767e-1 4.4690508839983767e-1
5.1e1 2.3444160272804774e-2 3.6884445315763306e-2 3.6884445315763306e-2
5.1e1 2.429667519181586e-2 2.1304081806818925e-1 2.1304081806818925e-1
5.1e1 2.514919011082694e-2 5.517373549078155e-1 5.517373549078155e-1
5.1e1 2.600170502983802e-2 3.03462827314216e-1 3.03462827314216e-1
5.1e1 2.6854219948849106e-2 1.998537214904704e-2 1.998537214904704e-2
5.1e1 2.7706734867860187e-2 2.792073245206977e-1 2.792073245206977e-1
5.1e1 2.855924978687127e-2 3.2649180965886476e-1 3.2649180965886476e-1
5.1e1 2.9411764705882353e-2 3.8260390889529323e-2 3.8260390889529323e-2
