1.0e-1 0.0e0 1.8181818181818184e-2 1.8181818181818184e-2
1.0e-1 1.1e-1 1.8185109530224196e-2 1.8185109530224196e-2
1.0e-1 2.2e-1 1.818840108496397e-2 1.818840108496397e-2
1.0e-1 3.3e-1 1.8191692840129017e-2 1.8191692840129017e-2
1.0e-1 4.3e-1 1.819498479020952e-2 1.819498479020952e-2
1.0e-1 5.4e-1 1.819827693008351e-2 1.819827693008351e-2
1.0e-1 6.5e-1 1.8201569255008217e-2 1.8201569255008217e-2
1.0e-1 7.6e-1 1.8204861760613568e-2 1.8204861760613568e-2
1.0e-1 8.7e-1 1.8208154442897712e-2 1.8208154442897712e-2
1.0e-1 9.8e-1 1.8211447298224947e-2 1.8211447298224947e-2
1.0e-1 1.09e0 1.821474032332548e-2 1.821474032332548e-2
1.0e-1 1.2e0 1.8218033515297515e-2 1.8218033515297515e-2
1.0e-1 1.3e0 1.822132687161151e-2 1.822132687161151e-2
1.0e-1 1.41e0 1.822462039011642e-2 1.822462039011642e-2
1.0e-1 1.52e0 1.8227914069048206e-2 1.8227914069048206e-2
1.0e-1 1.63e0 1.8231207907040397e-2 1.8231207907040397e-2
1.0e-1 1.74e0 1.823450190313679e-2 1.823450190313679e-2
1.0e-1 1.85e0 1.823779605680633e-2 1.823779605680633e-2
1.0e-1 1.96e0 1.8241090367959997e-2 1.8241090367959997e-2
1.0e-1 2.07e0 1.8244384836969853e-2 1.8244384836969853e-2
1.0e-1 2.17e0 1.8247679464690157e-2 1.8247679464690157e-2
1.0e-1 2.28e0 1.8250974252480644e-2 1.8250974252480644e-2
1.0e-1 2.39e0 1.825426920223178e-2 1.825426920223178e-2
1.0e-1 2.5e0 1.8257564316392114e-2 1.8257564316392114e-2

2.5e0 0.0e0 1.8181818181818184e-2 1.8181818181818184e-2
2.5e0 1.1e-1 1.9466218309786294e-2 1.9466218309786294e-2
2.5e0 2.2e-1 2.0774729038504254e-2 2.0774729038504254e-2
2.5e0 3.3e-1 2.21033729286993e-2 2.21033729286993e-2
2.5e0 4.3e-1 2.344817969612081e-2 2.344817969612081e-2
2.5e0 5.4e-1 2.4804407363978636e-2 2.4804407363978636e-2
2.5e0 6.5e-1 2.616772868006197e-2 2.616772868006197e-2
2.5e0 7.6e-1 2.7533527370532534e-2 2.7533527370532534e-2
2.5e0 8.7e-1 2.8897192202093056e-2 2.8897192202093056e-2
2.5e0 9.8e-1 3.025382585755172e-2 3.025382585755172e-2
2.5e0 1.09e0 3.159899519107802e-2 3.159899519107802e-2
2.5e0 1.2e0 3.292811575811075e-2 3.292811575811075e-2
2.5e0 1.3e0 3.423670654058414e-2 3.423670654058414e-2
2.5e0 1.41e0 3.552041978353212e-2 3.552041978353212e-2
2.5e0 1.52e0 3.677506635598153e-2 3.677506635598153e-2
2.5e0 1.63e0 3.7996791478297945e-2 3.7996791478297945e-2
2.5e0 1.74e0 3.918179732599156e-2 3.918179732599156e-2
2.5e0 1.85e0 4.032652387422072e-2 4.032652387422072e-2
2.5e0 1.96e0 4.142773787115106e-2 4.142773787115106e-2
2.5e0 2.07e0 4.248246768046215e-2 4.248246768046215e-2
2.5e0 2.17e0 4.348803961996593e-2 4.348803961996593e-2
2.5e0 2.28e0 4.444244219381245e-2 4.444244219381245e-2
2.5e0 2.39e0 4.534346840616092e-2 4.534346840616092e-2
2.5e0 2.5e0 4.6189540240731145e-2 4.6189540240731145e-2

4.9e0 0.0e0 1.8181818181818184e-2 1.8181818181818184e-2
4.9e0 1.1e-1 2.0827981497307413e-2 2.0827981497307413e-2
4.9e0 2.2e-1 2.364435168059276e-2 2.364435168059276e-2
4.9e0 3.3e-1 2.6609784591269597e-2 2.6609784591269597e-2
4.9e0 4.3e-1 2.9699697357210057e-2 2.9699697357210057e-2
4.9e0 5.4e-1 3.2885904330963306e-2 3.2885904330963306e-2
4.9e0 6.5e-1 3.613742044073083e-2 3.613742044073083e-2
4.9e0 7.6e-1 3.942071709217585e-2 3.942071709217585e-2
4.9e0 8.7e-1 4.2700770388095624e-2 4.2700770388095624e-2
4.9e0 9.8e-1 4.5941888592324044e-2 4.5941888592324044e-2
4.9e0 1.09e0 4.910874478773169e-2 4.910874478773169e-2
4.9e0 1.2e0 5.216732089996846e-2 5.216732089996846e-2
4.9e0 1.3e0 5.508530516587429e-2 5.508530516587429e-2
4.9e0 1.41e0 5.783357672216533e-2 5.783357672216533e-2
4.9e0 1.52e0 6.038693944903533e-2 6.038693944903533e-2
4.9e0 1.63e0 6.272401977158089e-2 6.272401977158089e-2
4.9e0 1.74e0 6.482857768910216e-2 6.482857768910216e-2
4.9e0 1.85e0 6.668980505607498e-2 6.668980505607498e-2
4.9e0 1.96e0 6.830168485797174e-2 6.830168485797174e-2
4.9e0 2.07e0 6.966402825492542e-2 6.966402825492542e-2
4.9e0 2.17e0 7.078184776496468e-2 7.078184776496468e-2
4.9e0 2.28e0 7.166437542490595e-2 7.166437542490595e-2
4.9e0 2.39e0 7.232602040828214e-2 7.232602040828214e-2
4.9e0 2.5e0 7.27851074820994e-2 7.27851074820994e-2

7.3e0 0.0e0 1.8181818181818184e-2 1.8181818181818184e-2
7.3e0 1.1e-1 2.211164839135293e-2 2.211164839135293e-2
7.3e0 2.2e-1 2.6467370600126317e-2 2.6467370600126317e-2
7.3e0 3.3e-1 3.1200280712439236e-2 3.1200280712439236e-2
7.3e0 4.3e-1 3.624389038860492e-2 3.624389038860492e-2
7.3e0 5.4e-1 4.1515626154317656e-2 4.1515626154317656e-2
7.3e0 6.5e-1 4.691745248484576e-2 4.691745248484576e-2
7.3e0 7.6e-1 5.234221366023657e-2 5.234221366023657e-2
7.3e0 8.7e-1 5.767771211952086e-2 5.767771211952086e-2
7.3e0 9.8e-1 6.281167809989814e-2 6.281167809989814e-2
7.3e0 1.09e0 6.763916423265325e-2 6.763916423265325e-2
7.3e0 1.2e0 7.206613549407817e-2 7.206613549407817e-2
7.3e0 1.3e0 7.60174209839826e-2 7.60174209839826e-2
7.3e0 1.41e0 7.943633147988637e-2 7.943633147988637e-2
7.3e0 1.52e0 8.229258261888357e-2 8.229258261888357e-2
7.3e0 1.63e0 8.457758593713204e-2 8.457758593713204e-2
7.3e0 1.74e0 8.630970898867069e-2 8.630970898867069e-2
7.3e0 1.85e0 8.752663666310816e-2 8.752663666310816e-2
7.3e0 1.96e0 8.82868735577044e-2 8.82868735577044e-2
7.3e0 2.07e0 8.865981361313752e-2 8.865981361313752e-2
7.3e0 2.17e0 8.872526430942311e-2 8.872526430942311e-2
7.3e0 2.28e0 8.856437501462283e-2 8.856437501462283e-2
7.3e0 2.39e0 8.825628412580293e-2 8.825628412580293e-2
7.3e0 2.5e0 8.78709804159453e-2 8.78709804159453e-2

9.6e0 0.0e0 1.8181818181818184e-2 1.8181818181818184e-2
9.6e0 1.1e-1 2.334904838754078e-2 2.334904838754078e-2
9.6e0 2.2e-1 2.928667579632356e-2 2.928667579632356e-2
9.6e0 3.3e-1 3.591500408318731e-2 3.591500408318731e-2
9.6e0 4.3e-1 4.309930961587053e-2 4.309930961587053e-2
9.6e0 5.4e-1 5.0655607604185075e-2 5.0655607604185075e-2
9.6e0 6.5e-1 5.836255919556447e-2 5.836255919556447e-2
9.6e0 7.6e-1 6.59742407282519e-2 6.59742407282519e-2
9.6e0 8.7e-1 7.324154967721157e-2 7.324154967721157e-2
9.6e0 9.8e-1 7.992971393707986e-2 7.992971393707986e-2
9.6e0 1.09e0 8.584152125374574e-2 8.584152125374574e-2
9.6e0 1.2e0 9.083379506400893e-2 9.083379506400893e-2
9.6e0 1.3e0 9.482742189798644e-2 9.482742189798644e-2
9.6e0 1.41e0 9.781456402248861e-2 9.781456402248861e-2
9.6e0 1.52e0 9.985572412398348e-2 9.985572412398348e-2
9.6e0 1.63e0 1.0106802215208666e-1 1.0106802215208666e-1
9.6e0 1.74e0 1.0161124433479718e-1 1.0161124433479718e-1
9.6e0 1.85e0 1.0166623030348079e-1 1.0166623030348079e-1
9.6e0 1.96e0 1.014142167875782e-1 1.014142167875782e-1
9.6e0 2.07e0 1.0101796203711744e-1 1.0101796203711744e-1
9.6e0 2.17e0 1.0060736621778422e-1 1.0060736621778422e-1
9.6e0 2.28e0 1.002670666080572e-1 1.002670666080572e-1
9.6e0 2.39e0 1.0003750417743779e-1 1.0003750417743779e-1
9.6e0 2.5e0 9.991803769592224e-2 9.991803769592224e-2

1.2e1 0.0e0 1.8181818181818184e-2 1.8181818181818184e-2
1.2e1 1.1e-1 2.4547954571011645e-2 2.4547954571011645e-2
1.2e1 2.2e-1 3.211590658445812e-2 3.211590658445812e-2
1.2e1 3.3e-1 4.076448243981044e-2 4.076448243981044e-2
1.2e1 4.3e-1 5.025460418003725e-2 5.025460418003725e-2
1.2e1 5.4e-1 6.024103724508698e-2 6.024103724508698e-2
1.2e1 6.5e-1 7.030015423162557e-2 7.030015423162557e-2
1.2e1 7.6e-1 7.997296440551345e-2 7.997296440551345e-2
1.2e1 8.7e-1 8.881547070863344e-2 8.881547070863344e-2
1.2e1 9.8e-1 9.64559736464196e-2 9.64559736464196e-2
1.2e1 1.09e0 1.026404832040491e-1 1.026404832040491e-1
1.2e1 1.2e0 1.072634666231261e-1 1.072634666231261e-1
1.2e1 1.3e0 1.103766347884421e-1 1.103766347884421e-1
1.2e1 1.41e0 1.1216916225227913e-1 1.1216916225227913e-1
1.2e1 1.52e0 1.1293260896244502e-1 1.1293260896244502e-1
1.2e1 1.63e0 1.1300490537108789e-1 1.1300490537108789e-1
1.2e1 1.74e0 1.1271374602901146e-1 1.1271374602901146e-1
1.2e1 1.85e0 1.1232793177602306e-1 1.1232793177602306e-1
1.2e1 1.96e0 1.1202510600344703e-1 1.1202510600344703e-1
1.2e1 2.07e0 1.1187920420405582e-1 1.1187920420405582e-1
1.2e1 2.17e0 1.1187336519624858e-1 1.1187336519624858e-1
1.2e1 2.28e0 1.1192887947623482e-1 1.1192887947623482e-1
1.2e1 2.39e0 1.1194290828069471e-1 1.1194290828069471e-1
1.2e1 2.5e0 1.1182580318796792e-1 1.1182580318796792e-1

1.44e1 0.0e0 1.8181818181818184e-2 1.8181818181818184e-2
1.44e1 1.1e-1 2.5714947913856204e-2 2.5714947913856204e-2
1.44e1 2.2e-1 3.496895105690656e-2 3.496895105690656e-2
1.44e1 3.3e-1 4.576152583576564e-2 4.576152583576564e-2
1.44e1 4.3e-1 5.770232998151304e-2 5.770232998151304e-2
1.44e1 5.4e-1 7.020595492112398e-2 7.020595492112398e-2
1.44e1 6.5e-1 8.255536402423717e-2 8.255536402423717e-2
1.44e1 7.6e-1 9.400202146140706e-2 9.400202146140706e-2
1.44e1 8.7e-1 1.0388402359636342e-1 1.0388402359636342e-1
1.44e1 9.8e-1 1.1173803031409388e-1 1.1173803031409388e-1
1.44e1 1.09e0 1.1737564251224285e-1 1.1737564251224285e-1
1.44e1 1.2e0 1.2090527501325818e-1 1.2090527501325818e-1
1.44e1 1.3e0 1.2268871428711774e-1 1.2268871428711774e-1
1.44e1 1.41e0 1.2324722549454259e-1 1.2324722549454259e-1
1.44e1 1.52e0 1.231350872667749e-1 1.231350872667749e-1
1.44e1 1.63e0 1.2282124842141982e-1 1.2282124842141982e-1
1.44e1 1.74e0 1.2260705168534572e-1 1.2260705168534572e-1
1.44e1 1.85e0 1.2259652714616331e-1 1.2259652714616331e-1
1.44e1 1.96e0 1.2272861848655678e-1 1.2272861848655678e-1
1.44e1 2.07e0 1.2284943105251409e-1 1.2284943105251409e-1
1.44e1 2.17e0 1.227993555652853e-1 1.227993555652853e-1
1.44e1 2.28e0 1.2248388683730789e-1 1.2248388683730789e-1
1.44e1 2.39e0 1.2190551081050331e-1 1.2190551081050331e-1
1.44e1 2.5e0 1.2115362250624018e-1 1.2115362250624018e-1

1.68e1 0.0e0 1.8181818181818184e-2 1.8181818181818184e-2
1.68e1 1.1e-1 2.6872148311145566e-2 2.6872148311145566e-2
1.68e1 2.2e-1 3.7870169199292175e-2 3.7870169199292175e-2
1.68e1 3.3e-1 5.092635089170734e-2 5.092635089170734e-2
1.68e1 4.3e-1 6.543719957769303e-2 6.543719957769303e-2
1.68e1 5.4e-1 8.048197820029544e-2 8.048197820029544e-2
1.68e1 6.5e-1 9.495096773213005e-2 9.495096773213005e-2
1.68e1 7.6e-1 1.0775184530261216e-1 1.0775184530261216e-1
1.68e1 8.7e-1 1.1803516559081388e-1 1.1803516559081388e-1
1.68e1 9.8e-1 1.253780937349346e-1 1.253780937349346e-1
1.68e1 1.09e0 1.298630055631611e-1 1.298630055631611e-1
1.68e1 1.2e0 1.3201775257855997e-1 1.3201775257855997e-1
1.68e1 1.3e0 1.3263785037615033e-1 1.3263785037615033e-1
1.68e1 1.41e0 1.325426212757367e-1 1.325426212757367e-1
1.68e1 1.52e0 1.323566180800289e-1 1.323566180800289e-1
1.68e1 1.63e0 1.3238471241365926e-1 1.3238471241365926e-1
1.68e1 1.74e0 1.3261458544743376e-1 1.3261458544743376e-1
1.68e1 1.85e0 1.3283602889924487e-1 1.3283602889924487e-1
1.68e1 1.96e0 1.32810605094845e-1 1.32810605094845e-1
1.68e1 2.07e0 1.324101909804685e-1 1.324101909804685e-1
1.68e1 2.17e0 1.316762794245136e-1 1.316762794245136e-1
1.68e1 2.28e0 1.3078277601821986e-1 1.3078277601821986e-1
1.68e1 2.39e0 1.299315305206278e-1 1.299315305206278e-1
1.68e1 2.5e0 1.2925209468890264e-1 1.2925209468890264e-1

1.92e1 0.0e0 1.8181818181818184e-2 1.8181818181818184e-2
1.92e1 1.1e-1 2.803282277703205e-2 2.803282277703205e-2
1.92e1 2.2e-1 4.083630161878813e-2 4.083630161878813e-2
1.92e1 3.3e-1 5.626865663711513e-2 5.626865663711513e-2
1.92e1 4.3e-1 7.344166584021813e-2 7.344166584021813e-2
1.92e1 5.4e-1 9.098774530344843e-2 9.098774530344843e-2
1.92e1 6.5e-1 1.0730977520816103e-1 1.0730977520816103e-1
1.92e1 7.6e-1 1.2095433800695152e-1 1.2095433800695152e-1
1.92e1 8.7e-1 1.309921854253824e-1 1.309921854253824e-1
1.92e1 9.8e-1 1.3725700241270594e-1 1.3725700241270594e-1
1.92e1 1.09e0 1.403383370767615e-1 1.403383370767615e-1
1.92e1 1.2e0 1.4132177971482845e-1 1.4132177971482845e-1
1.92e1 1.3e0 1.4137291125617546e-1 1.4137291125617546e-1
1.92e1 1.41e0 1.4134814143456106e-1 1.4134814143456106e-1
1.92e1 1.52e0 1.415886352772436e-1 1.415886352772436e-1
1.92e1 1.63e0 1.4197216948483876e-1 1.4197216948483876e-1
1.92e1 1.74e0 1.421609731463523e-1 1.421609731463523e-1
1.92e1 1.85e0 1.4189218680889223e-1 1.4189218680889223e-1
1.92e1 1.96e0 1.4115534580147482e-1 1.4115534580147482e-1
1.92e1 2.07e0 1.4017387534560902e-1 1.4017387534560902e-1
1.92e1 2.17e0 1.392401996408264e-1 1.392401996408264e-1
1.92e1 2.28e0 1.385295769872673e-1 1.385295769872673e-1
1.92e1 2.39e0 1.3801178293911484e-1 1.3801178293911484e-1
1.92e1 2.5e0 1.3751150904716658e-1 1.3751150904716658e-1

2.16e1 0.0e0 1.8181818181818184e-2 1.8181818181818184e-2
2.16e1 1.1e-1 2.918382420035974e-2 2.918382420035974e-2
2.16e1 2.2e-1 4.386054146693653e-2 4.386054146693653e-2
2.16e1 3.3e-1 6.177750739960714e-2 6.177750739960714e-2
2.16e1 4.3e-1 8.167798883948342e-2 8.167798883948342e-2
2.16e1 5.4e-1 1.0162729914646287e-1 1.0162729914646287e-1
2.16e1 6.5e-1 1.1945869592770224e-1 1.1945869592770224e-1
2.16e1 7.6e-1 1.3339908131003408e-1 1.3339908131003408e-1
2.16e1 8.7e-1 1.4262804176917887e-1 1.4262804176917887e-1
2.16e1 9.8e-1 1.4750284234685462e-1 1.4750284234685462e-1
2.16e1 1.09e0 1.4930973147316667e-1 1.4930973147316667e-1
2.16e1 1.2e0 1.4965280679070497e-1 1.4965280679070497e-1
2.16e1 1.3e0 1.497802973394005e-1 1.497802973394005e-1
2.16e1 1.41e0 1.5019140148939542e-1 1.5019140148939542e-1
2.16e1 1.52e0 1.507021869397674e-1 1.507021869397674e-1
2.16e1 1.63e0 1.5085623842322812e-1 1.5085623842322812e-1
2.16e1 1.74e0 1.5038812417541278e-1 1.5038812417541278e-1
2.16e1 1.85e0 1.494262953414798e-1 1.494262953414798e-1
2.16e1 1.96e0 1.483569874324711e-1 1.483569874324711e-1
2.16e1 2.07e0 1.4750789741913095e-1 1.4750789741913095e-1
2.16e1 2.17e0 1.4692082139608265e-1 1.4692082139608265e-1
2.16e1 2.28e0 1.4638046549005984e-1 1.4638046549005984e-1
2.16e1 2.39e0 1.456427609396825e-1 1.456427609396825e-1
2.16e1 2.5e0 1.4465162111764046e-1 1.4465162111764046e-1

2.4e1 0.0e0 1.8181818181818184e-2 1.8181818181818184e-2
2.4e1 1.1e-1 3.0319526761795897e-2 3.0319526761795897e-2
2.4e1 2.2e-1 4.69334052685529e-2 4.69334052685529e-2
2.4e1 3.3e-1 6.743643068294812e-2 6.743643068294812e-2
2.4e1 4.3e-1 9.010180762057396e-2 9.010180762057396e-2
2.4e1 5.4e-1 1.1230145247461641e-1 1.1230145247461641e-1
2.4e1 6.5e-1 1.31243580664964e-1 1.31243580664964e-1
2.4e1 7.6e-1 1.4494427136720078e-1 1.4494427136720078e-1
2.4e1 8.7e-1 1.529561330247576e-1 1.529561330247576e-1
2.4e1 9.8e-1 1.5641948286002458e-1 1.5641948286002458e-1
2.4e1 1.09e0 1.573678892521097e-1 1.573678892521097e-1
2.4e1 1.2e0 1.576614537648664e-1 1.576614537648664e-1
2.4e1 1.3e0 1.582044389280388e-1 1.582044389280388e-1
2.4e1 1.41e0 1.5886875130384998e-1 1.5886875130384998e-1
2.4e1 1.52e0 1.5907698363652492e-1 1.5907698363652492e-1
2.4e1 1.63e0 1.58514162299021e-1 1.58514162299021e-1
2.4e1 1.74e0 1.5742157913961893e-1 1.5742157913961893e-1
2.4e1 1.85e0 1.5632732978725075e-1 1.5632732978725075e-1
2.4e1 1.96e0 1.5555474507709943e-1 1.5555474507709943e-1
2.4e1 2.07e0 1.5499018409373935e-1 1.5499018409373935e-1
2.4e1 2.17e0 1.5428889413204308e-1 1.5428889413204308e-1
2.4e1 2.28e0 1.532643286311578e-1 1.532643286311578e-1
2.4e1 2.39e0 1.5206117397071262e-1 1.5206117397071262e-1
2.4e1 2.5e0 1.5097070449165206e-1 1.5097070449165206e-1

2.64e1 0.0e0 1.8181818181818184e-2 1.8181818181818184e-2
2.64e1 1.1e-1 3.146227321591067e-2 3.146227321591067e-2
2.64e1 2.2e-1 5.0067141852226764e-2 5.0067141852226764e-2
2.64e1 3.3e-1 7.324350555078493e-2 7.324350555078493e-2
2.64e1 4.3e-1 9.867831688438808e-2 9.867831688438808e-2
2.64e1 5.4e-1 1.2292073770523466e-1 1.2292073770523466e-1
2.64e1 6.5e-1 1.4253969780493228e-1 1.4253969780493228e-1
2.64e1 7.6e-1 1.5552575374604455e-1 1.5552575374604455e-1
2.64e1 8.7e-1 1.621081404567033e-1 1.621081404567033e-1
2.64e1 9.8e-1 1.6439671916847207e-1 1.6439671916847207e-1
2.64e1 1.09e0 1.650146528662033e-1 1.650146528662033e-1
2.64e1 1.2e0 1.6564804703589453e-1 1.6564804703589453e-1
2.64e1 1.3e0 1.66499749989565e-1 1.66499749989565e-1
2.64e1 1.41e0 1.668993999664214e-1 1.668993999664214e-1
2.64e1 1.52e0 1.663798043194869e-1 1.663798043194869e-1
2.64e1 1.63e0 1.6522054435515698e-1 1.6522054435515698e-1
2.64e1 1.74e0 1.6409308314994392e-1 1.6409308314994392e-1
2.64e1 1.85e0 1.6334582716951387e-1 1.6334582716951387e-1
2.64e1 1.96e0 1.6273958970627328e-1 1.6273958970627328e-1
2.64e1 2.07e0 1.618504635525406e-1 1.618504635525406e-1
2.64e1 2.17e0 1.6060218397668388e-1 1.6060218397668388e-1
2.64e1 2.28e0 1.593166092971589e-1 1.593166092971589e-1
2.64e1 2.39e0 1.5829147798439405e-1 1.5829147798439405e-1
2.64e1 2.5e0 1.574598900012791e-1 1.574598900012791e-1

2.87e1 0.0e0 1.8181818181818184e-2 1.8181818181818184e-2
2.87e1 1.1e-1 3.2621737937621596e-2 3.2621737937621596e-2
2.87e1 2.2e-1 5.32779413217174e-2 5.32779413217174e-2
2.87e1 3.3e-1 7.92042961183834e-2 7.92042961183834e-2
2.87e1 4.3e-1 1.0737934530022533e-1 1.0737934530022533e-1
2.87e1 5.4e-1 1.3340842158537305e-1 1.3340842158537305e-1
2.87e1 6.5e-1 1.532584847663685e-1 1.532584847663685e-1
2.87e1 7.6e-1 1.6515082754326713e-1 1.6515082754326713e-1
2.87e1 8.7e-1 1.7029721242414783e-1 1.7029721242414783e-1
2.87e1 9.8e-1 1.718134970712892e-1 1.718134970712892e-1
2.87e1 1.09e0 1.7255668991683154e-1 1.7255668991683154e-1
2.87e1 1.2e0 1.7357655403717304e-1 1.7357655403717304e-1
2.87e1 1.3e0 1.7431024971646072e-1 1.7431024971646072e-1
2.87e1 1.41e0 1.74016102400114e-1 1.74016102400114e-1
2.87e1 1.52e0 1.7286059258725497e-1 1.7286059258725497e-1
2.87e1 1.63e0 1.7166180585951712e-1 1.7166180585951712e-1
2.87e1 1.74e0 1.7088804568973712e-1 1.7088804568973712e-1
2.87e1 1.85e0 1.7023383299260322e-1 1.7023383299260322e-1
2.87e1 1.96e0 1.6919690898776532e-1 1.6919690898776532e-1
2.87e1 2.07e0 1.677920847265533e-1 1.677920847265533e-1
2.87e1 2.17e0 1.664721016616204e-1 1.664721016616204e-1
2.87e1 2.28e0 1.65474750138273e-1 1.65474750138273e-1
2.87e1 2.39e0 1.6455013543826774e-1 1.6455013543826774e-1
2.87e1 2.5e0 1.6338762550569536e-1 1.6338762550569536e-1

3.11e1 0.0e0 1.8181818181818184e-2 1.8181818181818184e-2
3.11e1 1.1e-1 3.3775883902909226e-2 3.3775883902909226e-2
3.11e1 2.2e-1 5.6557328526847334e-2 5.6557328526847334e-2
3.11e1 3.3e-1 8.530839637917555e-2 8.530839637917555e-2
3.11e1 4.3e-1 1.1616909967919455e-1 1.1616909967919455e-1
3.11e1 5.4e-1 1.4369478829310872e-1 1.4369478829310872e-1
3.11e1 6.5e-1 1.633450612231639e-1 1.633450612231639e-1
3.11e1 7.6e-1 1.738885804419278e-1 1.738885804419278e-1
3.11e1 8.7e-1 1.777726286771455e-1 1.777726286771455e-1
3.11e1 9.8e-1 1.7896888848369996e-1 1.7896888848369996e-1
3.11e1 1.09e0 1.8007611436134302e-1 1.8007611436134302e-1
3.11e1 1.2e0 1.812139832164806e-1 1.812139832164806e-1
3.11e1 1.3e0 1.8137862775971555e-1 1.8137862775971555e-1
3.11e1 1.41e0 1.8036499776400644e-1 1.8036499776400644e-1
3.11e1 1.52e0 1.790635899292217e-1 1.790635899292217e-1
3.11e1 1.63e0 1.7820752169350731e-1 1.7820752169350731e-1
3.11e1 1.74e0 1.7753004543862938e-1 1.7753004543862938e-1
3.11e1 1.85e0 1.764144613108237e-1 1.764144613108237e-1
3.11e1 1.96e0 1.748919763989127e-1 1.748919763989127e-1
3.11e1 2.07e0 1.7352158576194154e-1 1.7352158576194154e-1
3.11e1 2.17e0 1.7249842502099e-1 1.7249842502099e-1
3.11e1 2.28e0 1.7143771050730813e-1 1.7143771050730813e-1
3.11e1 2.39e0 1.7007461459583043e-1 1.7007461459583043e-1
3.11e1 2.5e0 1.6867410368601868e-1 1.6867410368601868e-1

3.35e1 0.0e0 1.8181818181818184e-2 1.8181818181818184e-2
3.35e1 1.1e-1 3.491886845680781e-2 3.491886845680781e-2
3.35e1 2.2e-1 5.9888708330395654e-2 5.9888708330395654e-2
3.35e1 3.3e-1 9.153283761037215e-2 9.153283761037215e-2
3.35e1 4.3e-1 1.2500282205970978e-1 1.2500282205970978e-1
3.35e1 5.4e-1 1.5371236460954968e-1 1.5371236460954968e-1
3.35e1 6.5e-1 1.727746933077972e-1 1.727746933077972e-1
3.35e1 7.6e-1 1.8185280011060487e-1 1.8185280011060487e-1
3.35e1 8.7e-1 1.8477728164877405e-1 1.8477728164877405e-1
3.35e1 9.8e-1 1.860387376000341e-1 1.860387376000341e-1
3.35e1 1.09e0 1.8748124174782202e-1 1.8748124174782202e-1
3.35e1 1.2e0 1.8832037480509525e-1 1.8832037480509525e-1
3.35e1 1.3e0 1.8771709835644315e-1 1.8771709835644315e-1
3.35e1 1.41e0 1.8635139140527485e-1 1.8635139140527485e-1
3.35e1 1.52e0 1.85334830568265e-1 1.85334830568265e-1
3.35e1 1.63e0 1.8465277893332363e-1 1.8465277893332363e-1
3.35e1 1.74e0 1.8354642991325795e-1 1.8354642991325795e-1
3.35e1 1.85e0 1.8193225997173576e-1 1.8193225997173576e-1
3.35e1 1.96e0 1.804676994410003e-1 1.804676994410003e-1
3.35e1 2.07e0 1.7938265163891987e-1 1.7938265163891987e-1
3.35e1 2.17e0 1.7819788738009065e-1 1.7819788738009065e-1
3.35e1 2.28e0 1.766813501171349e-1 1.766813501171349e-1
3.35e1 2.39e0 1.7522910728262772e-1 1.7522910728262772e-1
3.35e1 2.5e0 1.7408309079631648e-1 1.7408309079631648e-1

3.59e1 0.0e0 1.8181818181818184e-2 1.8181818181818184e-2
3.59e1 1.1e-1 3.6077866490018214e-2 3.6077866490018214e-2
3.59e1 2.2e-1 6.32808029477047e-2 6.32808029477047e-2
3.59e1 3.3e-1 9.786659314987253e-2 9.786659314987253e-2
3.59e1 4.3e-1 1.3383746578956854e-1 1.3383746578956854e-1
3.59e1 5.4e-1 1.6340415532238742e-1 1.6340415532238742e-1
3.59e1 6.5e-1 1.8154927972561366e-1 1.8154927972561366e-1
3.59e1 7.6e-1 1.8918020074441474e-1 1.8918020074441474e-1
3.59e1 8.7e-1 1.9151475180003977e-1 1.9151475180003977e-1
3.59e1 9.8e-1 1.9307267324019453e-1 1.9307267324019453e-1
3.59e1 1.09e0 1.9459833853326883e-1 1.9459833853326883e-1
3.59e1 1.2e0 1.947892106641814e-1 1.947892106641814e-1
3.59e1 1.3e0 1.9357555013820374e-1 1.9357555013820374e-1
3.59e1 1.41e0 1.9232404827975294e-1 1.9232404827975294e-1
3.59e1 1.52e0 1.915949992888445e-1 1.915949992888445e-1
3.59e1 1.63e0 1.90596657137967e-1 1.90596657137967e-1
3.59e1 1.74e0 1.8894238533615926e-1 1.8894238533615926e-1
3.59e1 1.85e0 1.8733152234601078e-1 1.8733152234601078e-1
3.59e1 1.96e0 1.8615731269434874e-1 1.8615731269434874e-1
3.59e1 2.07e0 1.848885730724679e-1 1.848885730724679e-1
3.59e1 2.17e0 1.8325072176317223e-1 1.8325072176317223e-1
3.59e1 2.28e0 1.8172792823033768e-1 1.8172792823033768e-1
3.59e1 2.39e0 1.805242455060822e-1 1.805242455060822e-1
3.59e1 2.5e0 1.7921695457950937e-1 1.7921695457950937e-1

3.83e1 0.0e0 1.8181818181818184e-2 1.8181818181818184e-2
3.83e1 1.1e-1 3.7259591447192535e-2 3.7259591447192535e-2
3.83e1 2.2e-1 6.675135479915462e-2 6.675135479915462e-2
3.83e1 3.3e-1 1.043113455762747e-1 1.043113455762747e-1
3.83e1 4.3e-1 1.4264455844147106e-1 1.4264455844147106e-1
3.83e1 5.4e-1 1.7272791788837313e-1 1.7272791788837313e-1
3.83e1 6.5e-1 1.896960719520283e-1 1.896960719520283e-1
3.83e1 7.6e-1 1.960189684859487e-1 1.960189684859487e-1
3.83e1 8.7e-1 1.9812483997217062e-1 1.9812483997217062e-1
3.83e1 9.8e-1 2.000179520959852e-1 2.000179520959852e-1
3.83e1 1.09e0 2.0127037142888107e-1 2.0127037142888107e-1
3.83e1 1.2e0 2.0069616329210405e-1 2.0069616329210405e-1
3.83e1 1.3e0 1.9926784315977233e-1 1.9926784315977233e-1
3.83e1 1.41e0 1.9835334987669892e-1 1.9835334987669892e-1
3.83e1 1.52e0 1.9752449061330699e-1 1.9752449061330699e-1
3.83e1 1.63e0 1.9594459044135518e-1 1.9594459044135518e-1
3.83e1 1.74e0 1.9415292594152636e-1 1.9415292594152636e-1
3.83e1 1.85e0 1.9284497451007632e-1 1.9284497451007632e-1
3.83e1 1.96e0 1.9154030288771415e-1 1.9154030288771415e-1
3.83e1 2.07e0 1.898080540279214e-1 1.898080540279214e-1
3.83e1 2.17e0 1.881755791940505e-1 1.881755791940505e-1
3.83e1 2.28e0 1.868895439588036e-1 1.868895439588036e-1
3.83e1 2.39e0 1.8545383612960947e-1 1.8545383612960947e-1
3.83e1 2.5e0 1.8382562336154298e-1 1.8382562336154298e-1

4.07e1 0.0e0 1.8181818181818184e-2 1.8181818181818184e-2
4.07e1 1.1e-1 3.843600893998479e-2 3.843600893998479e-2
4.07e1 2.2e-1 7.02929933979941e-2 7.02929933979941e-2
4.07e1 3.3e-1 1.1086093246089199e-1 1.1086093246089199e-1
4.07e1 4.3e-1 1.5139606587442836e-1 1.5139606587442836e-1
4.07e1 5.4e-1 1.8165809345612616e-1 1.8165809345612616e-1
4.07e1 6.5e-1 1.972695418239358e-1 1.972695418239358e-1
4.07e1 7.6e-1 2.0250855897290942e-1 2.0250855897290942e-1
4.07e1 8.7e-1 2.0467877170186735e-1 2.0467877170186735e-1
4.07e1 9.8e-1 2.0676634016348272e-1 2.0676634016348272e-1
4.07e1 1.09e0 2.0742883855393981e-1 2.0742883855393981e-1
4.07e1 1.2e0 2.0624670586232696e-1 2.0624670586232696e-1
4.07e1 1.3e0 2.0498955090288176e-1 2.0498955090288176e-1
4.07e1 1.41e0 2.0425125769699384e-1 2.0425125769699384e-1
4.07e1 1.52e0 2.0292344011520383e-1 2.0292344011520383e-1
4.07e1 1.63e0 2.0099067825250677e-1 2.0099067825250677e-1
4.07e1 1.74e0 1.9946625256471745e-1 1.9946625256471745e-1
4.07e1 1.85e0 1.981566374938233e-1 1.981566374938233e-1
4.07e1 1.96e0 1.963781791880095e-1 1.963781791880095e-1
4.07e1 2.07e0 1.9459219375416392e-1 1.9459219375416392e-1
4.07e1 2.17e0 1.9320581217651708e-1 1.9320581217651708e-1
4.07e1 2.28e0 1.9167757132283395e-1 1.9167757132283395e-1
4.07e1 2.39e0 1.89940546609908e-1 1.89940546609908e-1
4.07e1 2.5e0 1.884955442003942e-1 1.884955442003942e-1

4.31e1 0.0e0 1.8181818181818184e-2 1.8181818181818184e-2
4.31e1 1.1e-1 3.960308530412627e-2 3.960308530412627e-2
4.31e1 2.2e-1 7.388571530858137e-2 7.388571530858137e-2
4.31e1 3.3e-1 1.1749182999555752e-1 1.1749182999555752e-1
4.31e1 4.3e-1 1.6005858558003735e-1 1.6005858558003735e-1
4.31e1 5.4e-1 1.9018095570640642e-1 1.9018095570640642e-1
4.31e1 6.5e-1 2.0433762318433596e-1 2.0433762318433596e-1
4.31e1 7.6e-1 2.0877005503594945e-1 2.0877005503594945e-1
4.31e1 8.7e-1 2.1118268466752638e-1 2.1118268466752638e-1
4.31e1 9.8e-1 2.1320483236678298e-1 2.1320483236678298e-1
4.31e1 1.09e0 2.1311630232160528e-1 2.1311630232160528e-1
4.31e1 1.2e0 2.116650891428006e-1 2.116650891428006e-1
4.31e1 1.3e0 2.1073070725639964e-1 2.1073070725639964e-1
4.31e1 1.41e0 2.0977685340398283e-1 2.0977685340398283e-1
4.31e1 1.52e0 2.0789935719914385e-1 2.0789935719914385e-1
4.31e1 1.63e0 2.0606623137677793e-1 2.0606623137677793e-1
4.31e1 1.74e0 2.0471750856503979e-1 2.0471750856503979e-1
4.31e1 1.85e0 2.0297772890183e-1 2.0297772890183e-1
4.31e1 1.96e0 2.0101284173707484e-1 2.0101284173707484e-1
4.31e1 2.07e0 1.9948984325003236e-1 1.9948984325003236e-1
4.31e1 2.17e0 1.979110022592858e-1 1.979110022592858e-1
4.31e1 2.28e0 1.9605930752507936e-1 1.9605930752507936e-1
4.31e1 2.39e0 1.9450841463424415e-1 1.9450841463424415e-1
4.31e1 2.5e0 1.9305587322798884e-1 1.9305587322798884e-1

4.55e1 0.0e0 1.8181818181818184e-2 1.8181818181818184e-2
4.55e1 1.1e-1 4.079098585740803e-2 4.079098585740803e-2
4.55e1 2.2e-1 7.753360622574201e-2 7.753360622574201e-2
4.55e1 3.3e-1 1.2418600153556343e-1 1.2418600153556343e-1
4.55e1 4.3e-1 1.6859608205566748e-1 1.6859608205566748e-1
4.55e1 5.4e-1 1.982865899491605e-1 1.982865899491605e-1
4.55e1 6.5e-1 2.1097670349560754e-1 2.1097670349560754e-1
4.55e1 7.6e-1 2.14896417937762e-1 2.14896417937762e-1
4.55e1 8.7e-1 2.1759601453742067e-1 2.1759601453742067e-1
4.55e1 9.8e-1 2.1925739641616118e-1 2.1925739641616118e-1
4.55e1 1.09e0 2.1846326965439936e-1 2.1846326965439936e-1
4.55e1 1.2e0 2.1709494549166e-1 2.1709494549166e-1
4.55e1 1.3e0 2.1633199742437956e-1 2.1633199742437956e-1
4.55e1 1.41e0 2.1484710284695507e-1 2.1484710284695507e-1
4.55e1 1.52e0 2.1274244343285384e-1 2.1274244343285384e-1
4.55e1 1.63e0 2.1119975222704973e-1 2.1119975222704973e-1
4.55e1 1.74e0 2.0959149827367107e-1 2.0959149827367107e-1
4.55e1 1.85e0 2.0748820949915792e-1 2.0748820949915792e-1
4.55e1 1.96e0 2.0575565465663956e-1 2.0575565465663956e-1
4.55e1 2.07e0 2.041598952374799e-1 2.041598952374799e-1
4.55e1 2.17e0 2.0220619636956233e-1 2.0220619636956233e-1
4.55e1 2.28e0 2.0050582492997038e-1 2.0050582492997038e-1
4.55e1 2.39e0 1.9897463620089967e-1 1.9897463620089967e-1
4.55e1 2.5e0 1.9718387284982242e-1 1.9718387284982242e-1

4.78e1 0.0e0 1.8181818181818184e-2 1.8181818181818184e-2
4.78e1 1.1e-1 4.2003071884831114e-2 4.2003071884831114e-2
4.78e1 2.2e-1 8.125618068756107e-2 8.125618068756107e-2
4.78e1 3.3e-1 1.3094041508620063e-1 1.3094041508620063e-1
4.78e1 4.3e-1 1.7698089632722142e-1 1.7698089632722142e-1
4.78e1 5.4e-1 2.0597585622664646e-1 2.0597585622664646e-1
4.78e1 6.5e-1 2.1726638053073313e-1 2.1726638053073313e-1
4.78e1 7.6e-1 2.2094721123506483e-1 2.2094721123506483e-1
4.78e1 8.7e-1 2.2385197300506895e-1 2.2385197300506895e-1
4.78e1 9.8e-1 2.2490822151907858e-1 2.2490822151907858e-1
4.78e1 1.09e0 2.2363128092480283e-1 2.2363128092480283e-1
4.78e1 1.2e0 2.2254625404010525e-1 2.2254625404010525e-1
4.78e1 1.3e0 2.2161604796529624e-1 2.2161604796529624e-1
4.78e1 1.41e0 2.1959266702148827e-1 2.1959266702148827e-1
4.78e1 1.52e0 2.1764989207849836e-1 2.1764989207849836e-1
4.78e1 1.63e0 2.1614872802354818e-1 2.1614872802354818e-1
4.78e1 1.74e0 2.1406506288656685e-1 2.1406506288656685e-1
4.78e1 1.85e0 2.120377195971195e-1 2.120377195971195e-1
4.78e1 1.96e0 2.1040993927669238e-1 2.1040993927669238e-1
4.78e1 2.07e0 2.0841097377699527e-1 2.0841097377699527e-1
4.78e1 2.17e0 2.0651071507426116e-1 2.0651071507426116e-1
4.78e1 2.28e0 2.0490875364203162e-1 2.0490875364203162e-1
4.78e1 2.39e0 2.030315004073849e-1 2.030315004073849e-1
4.78e1 2.5e0 2.0131268499679505e-1 2.0131268499679505e-1

5.02e1 0.0e0 1.8181818181818184e-2 1.8181818181818184e-2
5.02e1 1.1e-1 4.3214877397143844e-2 4.3214877397143844e-2
5.02e1 2.2e-1 8.505026323663128e-2 8.505026323663128e-2
5.02e1 3.3e-1 1.3775781597696757e-1 1.3775781597696757e-1
5.02e1 4.3e-1 1.8520534914823364e-1 1.8520534914823364e-1
5.02e1 5.4e-1 2.1326770336497192e-1 2.1326770336497192e-1
5.02e1 6.5e-1 2.2327925533435486e-1 2.2327925533435486e-1
5.02e1 7.6e-1 2.2694482172535127e-1 2.2694482172535127e-1
5.02e1 8.7e-1 2.2988246067502408e-1 2.2988246067502408e-1
5.02e1 9.8e-1 2.302055466437322e-1 2.302055466437322e-1
5.02e1 1.09e0 2.28751124232455e-1 2.28751124232455e-1
5.02e1 1.2e0 2.2792110506368987e-1 2.2792110506368987e-1
5.02e1 1.3e0 2.2651659482456754e-1 2.2651659482456754e-1
5.02e1 1.41e0 2.242404918619335e-1 2.242404918619335e-1
5.02e1 1.52e0 2.225704135314266e-1 2.225704135314266e-1
5.02e1 1.63e0 2.2071968189266933e-1 2.2071968189266933e-1
5.02e1 1.74e0 2.1841580226895552e-1 2.1841580226895552e-1
5.02e1 1.85e0 2.1663472342020618e-1 2.1663472342020618e-1
5.02e1 1.96e0 2.146879704080714e-1 2.146879704080714e-1
5.02e1 2.07e0 2.1256073004139348e-1 2.1256073004139348e-1
5.02e1 2.17e0 2.1085560145834487e-1 2.1085560145834487e-1
5.02e1 2.28e0 2.0893155221363868e-1 2.0893155221363868e-1
5.02e1 2.39e0 2.0704522573196277e-1 2.0704522573196277e-1
5.02e1 2.5e0 2.0543097785063724e-1 2.0543097785063724e-1

5.26e1 0.0e0 1.8181818181818184e-2 1.8181818181818184e-2
5.26e1 1.1e-1 4.441953552533397e-2 4.441953552533397e-2
5.26e1 2.2e-1 8.88988290466879e-2 8.88988290466879e-2
5.26e1 3.3e-1 1.446157350427158e-1 1.446157350427158e-1
5.26e1 4.3e-1 1.9323509201212585e-1 1.9323509201212585e-1
5.26e1 5.4e-1 2.20168559708758e-1 2.20168559708758e-1
5.26e1 6.5e-1 2.2908302763303046e-1 2.2908302763303046e-1
5.26e1 7.6e-1 2.3289425165209215e-1 2.3289425165209215e-1
5.26e1 8.7e-1 2.3563154754800886e-1 2.3563154754800886e-1
5.26e1 9.8e-1 2.3523548305151593e-1 2.3523548305151593e-1
5.26e1 1.09e0 2.3389056777237904e-1 2.3389056777237904e-1
5.26e1 1.2e0 2.3308474949659078e-1 2.3308474949659078e-1
5.26e1 1.3e0 2.311082740456646e-1 2.311082740456646e-1
5.26e1 1.41e0 2.2894030919143799e-1 2.2894030919143799e-1
5.26e1 1.52e0 2.272996347495586e-1 2.272996347495586e-1
5.26e1 1.63e0 2.2498379816999656e-1 2.2498379816999656e-1
5.26e1 1.74e0 2.228523342773966e-1 2.228523342773966e-1
5.26e1 1.85e0 2.2100039551529493e-1 2.2100039551529493e-1
5.26e1 1.96e0 2.187156446806155e-1 2.187156446806155e-1
5.26e1 2.07e0 2.1681109116076372e-1 2.1681109116076372e-1
5.26e1 2.17e0 2.148942494347508e-1 2.148942494347508e-1
5.26e1 2.28e0 2.128208792330364e-1 2.128208792330364e-1
5.26e1 2.39e0 2.111089208880182e-1 2.111089208880182e-1
5.26e1 2.5e0 2.0919916194284494e-1 2.0919916194284494e-1

5.5e1 0.0e0 1.8181818181818184e-2 1.8181818181818184e-2
5.5e1 1.1e-1 4.563069591646016e-2 4.563069591646016e-2
5.5e1 2.2e-1 9.276630724050748e-2 9.276630724050748e-2
5.5e1 3.3e-1 1.5145776135278682e-1 1.5145776135278682e-1
5.5e1 4.3e-1 2.010530626132595e-1 2.010530626132595e-1
5.5e1 5.4e-1 2.267472754790653e-1 2.267472754790653e-1
5.5e1 6.5e-1 2.3475489413105677e-1 2.3475489413105677e-1
5.5e1 7.6e-1 2.3875125651277512e-1 2.3875125651277512e-1
5.5e1 8.7e-1 2.410733324565137e-1 2.410733324565137e-1
5.5e1 9.8e-1 2.4012223840723648e-1 2.4012223840723648e-1
5.5e1 1.09e0 2.3902176098769817e-1 2.3902176098769817e-1
5.5e1 1.2e0 2.3793932026675774e-1 2.3793932026675774e-1
5.5e1 1.3e0 2.355693212967143e-1 2.355693212967143e-1
5.5e1 1.41e0 2.3365770872609257e-1 2.3365770872609257e-1
5.5e1 1.52e0 2.3169477968609686e-1 2.3169477968609686e-1
5.5e1 1.63e0 2.2919459340037987e-1 2.2919459340037987e-1
5.5e1 1.74e0 2.272610121836296e-1 2.272610121836296e-1
5.5e1 1.85e0 2.2502584120669675e-1 2.2502584120669675e-1
5.5e1 1.96e0 2.2279980092087673e-1 2.2279980092087673e-1
5.5e1 2.07e0 2.2090131771816246e-1 2.2090131771816246e-1
5.5e1 2.17e0 2.1868650375208137e-1 2.1868650375208137e-1
5.5e1 2.28e0 2.1680564382177384e-1 2.1680564382177384e-1
5.5e1 2.39e0 2.1487076603599706e-1 2.1487076603599706e-1
5.5e1 2.5e0 2.1291707787096806e-1 2.1291707787096806e-1
