a b c
0.1 0.0 0.019607843137254898
0.1 0.11 0.01961162868230773
0.1 0.22 0.019615415352887158
0.1 0.33 0.01961920193374528
0.1 0.43 0.01962298821424413
0.1 0.54 0.01962677405121512
0.1 0.65 0.019630560462358934
0.1 0.76 0.01963434734302664
0.1 0.87 0.01963813406017428
0.1 0.98 0.01964192056368651
0.1 1.09 0.019645706805099743
0.1 1.2 0.019649492736878642
0.1 1.3 0.01965327831202973
0.1 1.41 0.019657063483883495
0.1 1.52 0.019660848205964025
0.1 1.63 0.01966463243190621
0.1 1.74 0.019668416115399684
0.1 1.85 0.01967219921014794
0.1 1.96 0.01967598166983686
0.1 2.07 0.01967976344810885
0.1 2.17 0.01968354449854117
0.1 2.28 0.01968732477462703
0.1 2.39 0.019691104229759095
0.1 2.5 0.019694882817215268
 
2.3 0.0 0.019607843137254898
2.3 0.11 0.02120172049370628
2.3 0.22 0.022818045056634567
2.3 0.33 0.024447072451497066
2.3 0.43 0.02607937180801837
2.3 0.54 0.02770517133812165
2.3 0.65 0.029314809562983234
2.3 0.76 0.030898576361480294
2.3 0.87 0.032447294869911186
2.3 0.98 0.033952073805020626
2.3 1.09 0.03540444242465345
2.3 1.2 0.0367965112214387
2.3 1.3 0.03812145737120337
2.3 1.41 0.039372487326445334
2.3 1.52 0.040544037384730544
2.3 1.63 0.04163126828163562
2.3 1.74 0.042630651898407264
2.3 1.85 0.04353904412829692
2.3 1.96 0.04435447320670162
2.3 2.07 0.04507582769317024
2.3 2.17 0.04570337142119334
2.3 2.28 0.046237756816515874
2.3 2.39 0.04668067454536129
2.3 2.5 0.04703451383984671
 
4.5 0.0 0.019607843137254898
4.5 0.11 0.02329409074995849
4.5 0.22 0.02720427729304016
4.5 0.33 0.03127219709816472
4.5 0.43 0.035423806261216405
4.5 0.54 0.039579506161684895
4.5 0.65 0.04365820028792372
4.5 0.76 0.04758014305746053
4.5 0.87 0.05127142630373576
4.5 0.98 0.05466520734571373
4.5 1.09 0.057706485528076015
4.5 1.2 0.060353517039235964
4.5 1.3 0.06257855078758619
4.5 1.41 0.06437002504675528
4.5 1.52 0.06573062489241357
4.5 1.63 0.06667859400419257
4.5 1.74 0.06724417461082509
4.5 1.85 0.06746781487383927
4.5 1.96 0.06739869412825165
4.5 2.07 0.06708988048283679
4.5 2.17 0.06659729488050702
4.5 2.28 0.06597510871879166
4.5 2.39 0.06527464380530494
4.5 2.5 0.06454058543771714
 
6.7 0.0 0.019607843137254898
6.7 0.11 0.025097767447676708
6.7 0.22 0.031223772444201395
6.7 0.33 0.03782129201621243
6.7 0.43 0.04467641779756273
6.7 0.54 0.05154199218205526
6.7 0.65 0.05815807925900322
6.7 0.76 0.06427321232193701
6.7 0.87 0.06966930510502473
6.7 0.98 0.07417968812260105
6.7 1.09 0.07770447418971925
6.7 1.2 0.08021729424714129
6.7 1.3 0.08176303669069529
6.7 1.41 0.0824505391166016
6.7 1.52 0.08243516397600333
6.7 1.63 0.08189953527241875
6.7 1.74 0.081032315775399
6.7 1.85 0.08000635057957112
6.7 1.96 0.07896480368882362
6.7 2.07 0.07800863135980594
6.7 2.17 0.07719304115628944
6.7 2.28 0.07653021280052433
6.7 2.39 0.07599803348825276
6.7 2.5 0.07555036170180422
 
9.0 0.0 0.019607843137254898
9.0 0.11 0.02696427180888599
9.0 0.22 0.03551453740358554
9.0 0.33 0.044928370176860785
9.0 0.43 0.05473556199371097
9.0 0.54 0.06437745932386779
9.0 0.65 0.07328019742316912
9.0 0.76 0.08093751689741853
9.0 0.87 0.08698315103683801
9.0 0.98 0.09124506841336741
9.0 1.09 0.0937615850372255
9.0 1.2 0.09476068845282926
9.0 1.3 0.09460636425701388
9.0 1.41 0.09372078588815866
9.0 1.52 0.09250665631330235
9.0 1.63 0.09128176048099344
9.0 1.74 0.09023771401307372
9.0 1.85 0.08943528850921312
9.0 1.96 0.08882734788484807
9.0 2.07 0.08830418945891332
9.0 2.17 0.08774320032928555
9.0 2.28 0.0870531271632143
9.0 2.39 0.08619914487660013
9.0 2.5 0.08520670674230807
 
11.2 0.0 0.019607843137254898
11.2 0.11 0.02871060619910284
11.2 0.22 0.03973413661895439
11.2 0.33 0.052122874141813706
11.2 0.43 0.0650074196437085
11.2 0.54 0.07733658230397382
11.2 0.65 0.08807828233595379
11.2 0.76 0.09643725217409162
11.2 0.87 0.10202452910894866
11.2 0.98 0.104925392822677
11.2 1.09 0.10564215322582904
11.2 1.2 0.10492718771576506
11.2 1.3 0.10356470384136872
11.2 1.41 0.10217269584480512
11.2 1.52 0.10108137556987405
11.2 1.63 0.10032674137631926
11.2 1.74 0.09973806825946373
11.2 1.85 0.09907973661424795
11.2 1.96 0.09818174233406743
11.2 2.07 0.09701295455982852
11.2 2.17 0.09567229084895817
11.2 2.28 0.09432653467202508
11.2 2.39 0.09312138814250076
11.2 2.5 0.09211673586870206
 
13.4 0.0 0.019607843137254898
13.4 0.11 0.03052453525260546
13.4 0.22 0.04419830752357326
13.4 0.33 0.059753545383672585
13.4 0.43 0.0757351754930935
13.4 0.54 0.09040786885379513
13.4 0.65 0.10220981716598032
13.4 0.76 0.1101982681962218
13.4 0.87 0.11430636842322416
13.4 0.98 0.11529411452240913
13.4 1.09 0.11440315707220704
13.4 1.2 0.11287667898657502
13.4 1.3 0.11154406614606158
13.4 1.41 0.11065698037492815
13.4 1.52 0.11000506725075772
13.4 1.63 0.10921204753929535
13.4 1.74 0.1080356466259104
13.4 1.85 0.10650432172109549
13.4 1.96 0.10486086830248963
13.4 2.07 0.10337256325932104
13.4 2.17 0.10216359695579239
13.4 2.28 0.1011614873134875
13.4 2.39 0.10018339801163086
13.4 2.5 0.09907947967639816
 
15.6 0.0 0.019607843137254898
15.6 0.11 0.03226485568648686
15.6 0.22 0.04866518880007326
15.6 0.33 0.06751287014737674
15.6 0.43 0.08655071949730263
15.6 0.54 0.10315878729228448
15.6 0.65 0.11524465683274066
15.6 0.76 0.12200829494742998
15.6 0.87 0.12416695526998779
15.6 0.98 0.1234851074839747
15.6 1.09 0.12187296556051157
15.6 1.2 0.12055345990196929
15.6 1.3 0.11975554384856102
15.6 1.41 0.11902831249670234
15.6 1.52 0.11786190371979666
15.6 1.63 0.11615161915021172
15.6 1.74 0.11422301259028803
15.6 1.85 0.1124995214005185
15.6 1.96 0.11114955800103297
15.6 2.07 0.11000570604339725
15.6 2.17 0.10877753758722722
15.6 2.28 0.10733037853892818
15.6 2.39 0.10578060642676247
15.6 2.5 0.10435242361706304
 
17.8 0.0 0.019607843137254898
17.8 0.11 0.03407326904517817
17.8 0.22 0.053354907505342844
17.8 0.33 0.07560462421677772
17.8 0.43 0.09751720434623694
17.8 0.54 0.11544180287548633
17.8 0.65 0.12693689256339732
17.8 0.76 0.1318455988907937
17.8 0.87 0.1321430375519452
17.8 0.98 0.1306048284420001
17.8 1.09 0.12921755742049437
17.8 1.2 0.12842053736270287
17.8 1.3 0.1275776927422495
17.8 1.41 0.12606065315526555
17.8 1.52 0.12394658337895505
17.8 1.63 0.12183234300040159
17.8 1.74 0.12015879419576156
17.8 1.85 0.1188196399563025
17.8 1.96 0.11740179802576217
17.8 2.07 0.11569678346224824
17.8 2.17 0.1138965974088291
17.8 2.28 0.11231538267995614
17.8 2.39 0.11101890238111867
17.8 2.5 0.10979046122118058
 
20.0 0.0 0.019607843137254898
20.0 0.11 0.03583174255143074
20.0 0.22 0.05807888586794877
20.0 0.33 0.08379852651961688
20.0 0.43 0.10837273429663423
20.0 0.54 0.12701740333662775
20.0 0.65 0.1372492871160027
20.0 0.76 0.14011602505789775
20.0 0.87 0.1391033046373084
20.0 0.98 0.13754042095213131
20.0 1.09 0.13666518242089162
20.0 1.2 0.13581474491325954
20.0 1.3 0.13411328910780343
20.0 1.41 0.13170561404419487
20.0 1.52 0.12943141623163276
20.0 1.63 0.1277240312069139
20.0 1.74 0.12621775843071137
20.0 1.85 0.12440685947618209
20.0 1.96 0.12234072989516886
20.0 2.07 0.1204615291613887
20.0 2.17 0.1189502692207533
20.0 2.28 0.11753104108623533
20.0 2.39 0.11592510538589965
20.0 2.5 0.11423717081860264
 
22.2 0.0 0.019607843137254898
22.2 0.11 0.03765525925047052
22.2 0.22 0.06300238203547265
22.2 0.33 0.09222375983240946
22.2 0.43 0.11911416577655784
22.2 0.54 0.13777440639771085
22.2 0.65 0.146196389013506
22.2 0.76 0.1472048600586551
22.2 0.87 0.14566404647642978
22.2 0.98 0.1445750666408891
22.2 1.09 0.14380970837903975
22.2 1.2 0.1421307171692224
22.2 1.3 0.13950720441713732
22.2 1.41 0.13701487964023398
22.2 1.52 0.13518185518584386
22.2 1.63 0.13344659428309633
22.2 1.74 0.13127414864526263
22.2 1.85 0.1289785197155311
22.2 1.96 0.12708779331894973
22.2 2.07 0.1254895546539896
22.2 2.17 0.12372975381795753
22.2 2.28 0.12180271325270361
22.2 2.39 0.12008266360918342
22.2 2.5 0.11864297840624016
 
24.4 0.0 0.019607843137254898
24.4 0.11 0.039445109836972546
24.4 0.22 0.06797599446837926
24.4 0.33 0.1006982376434729
24.4 0.43 0.12955419712746105
24.4 0.54 0.14763838654577527
24.4 0.65 0.15401389313431327
24.4 0.76 0.15364510507703405
24.4 0.87 0.15220677514541128
24.4 0.98 0.15148259429105596
24.4 1.09 0.1501203724267102
24.4 1.2 0.1474387211928257
24.4 1.3 0.14462018117563225
24.4 1.41 0.14255991725989242
24.4 1.52 0.140632514046129
24.4 1.63 0.13817900752196435
24.4 1.74 0.13568200966718336
24.4 1.85 0.1337060655380934
24.4 1.96 0.13189308987288847
24.4 2.07 0.12979529249571808
24.4 2.17 0.1277154029181505
24.4 2.28 0.12600711062356346
24.4 2.39 0.12439456164313475
24.4 2.5 0.12259774135896352
 
26.7 0.0 0.019607843137254898
26.7 0.11 0.04129457586633636
26.7 0.22 0.07312555306393978
26.7 0.33 0.10930669036983931
26.7 0.43 0.13967317818242742
26.7 0.54 0.15658802857905482
26.7 0.65 0.16089426946283855
26.7 0.76 0.1597801670817154
26.7 0.87 0.15878351163440524
26.7 0.98 0.15790840442890502
26.7 1.09 0.15550770401180058
26.7 1.2 0.1523404650796511
26.7 1.3 0.14992725254048214
26.7 1.41 0.14786106007552854
26.7 1.52 0.1451987701845631
26.7 1.63 0.14245657723582722
26.7 1.74 0.1403180128152113
26.7 1.85 0.13826575413437445
26.7 1.96 0.13588663202648507
26.7 2.07 0.1337048496869033
26.7 2.17 0.13190852035954861
26.7 2.28 0.1300064064435529
26.7 2.39 0.1279933699020069
26.7 2.5 0.126272950094826
 
28.9 0.0 0.019607843137254898
28.9 0.11 0.043123910894821774
28.9 0.22 0.07833236766635958
28.9 0.33 0.11790085202905401
28.9 0.43 0.1493465787453233
28.9 0.54 0.16468020787625667
28.9 0.65 0.16715518722902536
28.9 0.76 0.16586230669457
28.9 0.87 0.16519878547421313
28.9 0.98 0.16358699920186867
28.9 1.09 0.1603169860591851
28.9 1.2 0.15735126346374875
28.9 1.3 0.15513850424883413
28.9 1.41 0.15239355268128896
28.9 1.52 0.1493465926891836
28.9 1.63 0.1469568063850931
28.9 1.74 0.14470012476205274
28.9 1.85 0.14207989735177434
28.9 1.96 0.13975309535473895
28.9 2.07 0.13778719360098085
28.9 2.17 0.13560988557886652
28.9 2.28 0.13347357084054745
28.9 2.39 0.13169542171107454
28.9 2.5 0.12986685985507748
 
31.1 0.0 0.019607843137254898
31.1 0.11 0.04500558937325963
31.1 0.22 0.08369148835260558
31.1 0.33 0.1265375029503828
31.1 0.43 0.15856503586050436
31.1 0.54 0.17197711117413877
31.1 0.65 0.1730045563443278
31.1 0.76 0.17195029189354125
31.1 0.87 0.17122796536023094
31.1 0.98 0.16856681162225776
31.1 1.09 0.165004137670897
31.1 1.2 0.16244331942036516
31.1 1.3 0.15976734518286473
31.1 1.41 0.15642557177804736
31.1 1.52 0.1536736270545527
31.1 1.63 0.1512547982337873
31.1 1.74 0.14841069467269088
31.1 1.85 0.14586547553099033
31.1 1.96 0.14370887985104913
31.1 2.07 0.14129252794406036
31.1 2.17 0.13903070280922833
31.1 2.28 0.13711220652775324
31.1 2.39 0.13502978852726472
31.1 2.5 0.13303757992556112
 
33.3 0.0 0.019607843137254898
33.3 0.11 0.04687972880569763
33.3 0.22 0.08910940198612156
33.3 0.33 0.1350951080057456
33.3 0.43 0.16726021202447322
33.3 0.54 0.1786148152203417
33.3 0.65 0.1786696363224434
33.3 0.76 0.17797228618303954
33.3 0.87 0.17668656437793376
33.3 0.98 0.17312487954400127
33.3 1.09 0.16981638050990416
33.3 1.2 0.1672318925252758
33.3 1.3 0.16379661801774953
33.3 1.41 0.16053037005150245
33.3 1.52 0.15794049987339712
33.3 1.63 0.15493008378802428
33.3 1.74 0.15207627110517305
33.3 1.85 0.14972364083293888
33.3 1.96 0.14710081820491416
33.3 2.07 0.14466259078222207
33.3 2.17 0.1425658747417726
33.3 2.28 0.14026790542267906
33.3 2.39 0.13818588683438782
33.3 2.5 0.13630918370407816
 
35.5 0.0 0.019607843137254898
35.5 0.11 0.04879747527419496
35.5 0.22 0.09465637658809516
35.5 0.33 0.14361359542375735
35.5 0.43 0.17544335052014015
35.5 0.54 0.1846970036141533
35.5 0.65 0.18425256006497698
35.5 0.76 0.18380254296447293
35.5 0.87 0.18157692709100948
35.5 0.98 0.17757378103533722
35.5 1.09 0.17463838851389785
35.5 1.2 0.17146351499191076
35.5 1.3 0.16766298700952267
35.5 1.41 0.16474071475879745
35.5 1.52 0.1616773094242277
35.5 1.63 0.1584436807314775
35.5 1.74 0.1558628533986443
35.5 1.85 0.15306995269589818
35.5 1.96 0.15038768919391554
35.5 2.07 0.14810974098391602
35.5 2.17 0.14561403049431296
35.5 2.28 0.14339722732322388
35.5 2.39 0.14133144949181534
35.5 2.5 0.1391501657367489
 
37.7 0.0 0.019607843137254898
37.7 0.11 0.05071998501903629
37.7 0.22 0.10026040328428114
37.7 0.33 0.15199206328918488
37.7 0.43 0.1830936086592095
37.7 0.54 0.19037919389669797
37.7 0.65 0.18981810413062766
37.7 0.76 0.18928869772000745
37.7 0.87 0.18603340169100044
37.7 0.98 0.18210479671507054
37.7 1.09 0.1791834313377496
37.7 1.2 0.17526337874170236
37.7 1.3 0.1716776484258671
37.7 1.41 0.1686336355461675
37.7 1.52 0.1650693029021239
37.7 1.63 0.16213221858985197
37.7 1.74 0.15923536180130465
37.7 1.85 0.15624655014878394
37.7 1.96 0.15377449257906192
37.7 2.07 0.15109541982775873
37.7 2.17 0.14868806861830353
37.7 2.28 0.1464445258758494
37.7 2.39 0.1441066054104368
37.7 2.5 0.1421077685792159
 
39.9 0.0 0.019607843137254898
39.9 0.11 0.05267634840422021
39.9 0.22 0.10596941107169564
39.9 0.33 0.16026173050177614
39.9 0.43 0.19024515064574207
39.9 0.54 0.19575908926492072
39.9 0.65 0.19534568172232789
39.9 0.76 0.19435792122072573
39.9 0.87 0.19026711031628815
39.9 0.98 0.18668023379929918
39.9 1.09 0.1832717756638521
39.9 1.2 0.17898090397493702
39.9 1.3 0.17568453460986896
39.9 1.41 0.1720557723569767
39.9 1.52 0.16857103004891966
39.9 1.63 0.16560146057561312
39.9 1.74 0.16230379611674242
39.9 1.85 0.1595747545560408
39.9 1.96 0.15674580413149114
39.9 2.07 0.15408378751583976
39.9 2.17 0.15168346723867204
39.9 2.28 0.14916285813446556
39.9 2.39 0.1470096018061752
39.9 2.5 0.14474167153529136
 
42.1 0.0 0.019607843137254898
42.1 0.11 0.05464953193652438
42.1 0.22 0.11173150945896856
42.1 0.33 0.16834013174487447
42.1 0.43 0.19691316444159174
42.1 0.54 0.20096215519678
42.1 0.65 0.2007795048607177
42.1 0.76 0.19899261830027626
42.1 0.87 0.19447152307914478
42.1 0.98 0.1911245423411464
42.1 1.09 0.18696576541521376
42.1 1.2 0.18282268270735377
42.1 1.3 0.17935166870600946
42.1 1.41 0.17533474641269026
42.1 1.52 0.17211183750353654
42.1 1.63 0.16865116241967884
42.1 1.74 0.16551857370410958
42.1 1.85 0.16259644576649346
42.1 1.96 0.15962116876605167
42.1 2.07 0.1570673157782087
42.1 2.17 0.15434510837280963
42.1 2.28 0.15201352875415444
42.1 2.39 0.1495852619981686
42.1 2.5 0.14739958225382435
 
44.4 0.0 0.019607843137254898
44.4 0.11 0.056646380953846574
44.4 0.22 0.11757539511319044
44.4 0.33 0.17625361080343066
44.4 0.43 0.20314729698687314
44.4 0.54 0.20604562820120095
44.4 0.65 0.20604551797733117
44.4 0.76 0.20327393701141094
44.4 0.87 0.19872835124454172
44.4 0.98 0.19525787443931827
44.4 1.09 0.19051106826646846
44.4 1.2 0.18667259257437752
44.4 1.3 0.18262867018288573
44.4 1.41 0.17874953965408485
44.4 1.52 0.1753153432990902
44.4 1.63 0.171675003993198
44.4 1.74 0.16864092577961634
44.4 1.85 0.16536295785675748
44.4 1.96 0.1625978747158158
44.4 2.07 0.15969311052081475
44.4 2.17 0.1571366274338021
44.4 2.28 0.15456356296884913
44.4 2.39 0.15219009563432867
44.4 2.5 0.14989538994132165
 
46.6 0.0 0.019607843137254898
46.6 0.11 0.05867152957505975
46.6 0.22 0.12346558696626343
46.6 0.33 0.183937978411104
46.6 0.43 0.2089885186566207
46.6 0.54 0.21107830691561807
46.6 0.65 0.211065649654313
46.6 0.76 0.20731632380850679
46.6 0.87 0.20301536758588767
46.6 0.98 0.19901522713004274
46.6 1.09 0.1941173698684182
46.6 1.2 0.1902748808714273
46.6 1.3 0.18578581380333606
46.6 1.41 0.18214129747373148
46.6 1.52 0.17822026966810572
46.6 1.63 0.17481913819980996
46.6 1.74 0.17139995194939553
46.6 1.85 0.16826816516871484
46.6 1.96 0.1652549007794065
46.6 2.07 0.16239195878217075
46.6 2.17 0.15970418561417768
46.6 2.28 0.157093795616751
46.6 2.39 0.15467107132006355
46.6 2.5 0.15228938370942047
 
48.8 0.0 0.019607843137254898
48.8 0.11 0.06071042825343181
48.8 0.22 0.12941566988275308
48.8 0.33 0.1914170195697587
48.8 0.43 0.21449210531357174
48.8 0.54 0.21606603743419042
48.8 0.65 0.21579829056198832
48.8 0.76 0.21125022027873316
48.8 0.87 0.20721624711051007
48.8 0.98 0.20249300505656237
48.8 1.09 0.197802726925473
48.8 1.2 0.19352542282260582
48.8 1.3 0.1890527107593763
48.8 1.41 0.18522195893513943
48.8 1.52 0.18117844040719996
48.8 1.63 0.17774104822187967
48.8 1.74 0.1741336869494193
48.8 1.85 0.17103823451495972
48.8 1.96 0.1678202518105267
48.8 2.07 0.16502055192549708
48.8 2.17 0.16213847607310294
48.8 2.28 0.15959227160522016
48.8 2.39 0.15699932299019304
48.8 2.5 0.15466976725442225
 
51.0 0.0 0.019607843137254898
51.0 0.11 0.06278796908813487
51.0 0.22 0.13540356415533428
51.0 0.33 0.19864097837269068
51.0 0.43 0.2197086058005253
51.0 0.54 0.22102200440214373
51.0 0.65 0.22022066739126128
51.0 0.76 0.2151760088380173
51.0 0.87 0.2112074165883018
51.0 0.98 0.20586253073700703
51.0 1.09 0.20141608528856025
51.0 1.2 0.19656806431283982
51.0 1.3 0.1923475219552622
51.0 1.41 0.18803715923114372
51.0 1.52 0.18421806680781236
51.0 1.63 0.1803770057389148
51.0 1.74 0.17696839219205635
51.0 1.85 0.1735254742209011
51.0 1.96 0.17048582649575772
51.0 2.07 0.16738433899463723
51.0 2.17 0.16465669675196998
51.0 2.28 0.16185656774263285
51.0 2.39 0.15938386080581562
51.0 2.5 0.15685557400061884
 
