a b c
0.1 0.0 0.019607843137254898
0.1 0.11 0.019609896637715243
0.1 0.22 0.019611950725609572
0.1 0.33 0.01961400445887739
0.1 0.43 0.01961605780421335
0.1 0.54 0.01961811227180555
0.1 0.65 0.019620166741455305
0.1 0.76 0.01962222119551949
0.1 0.87 0.019624275618632496
0.1 0.98 0.0196263299965386
0.1 1.09 0.019628384315575585
0.1 1.2 0.01963043856243289
0.1 1.3 0.019632492724031933
0.1 1.41 0.019634546787463493
0.1 1.52 0.019636600739952128
0.1 1.63 0.019638654568834013
0.1 1.74 0.01964070826154142
0.1 1.85 0.01964276180559044
0.1 1.96 0.019644815188570586
0.1 2.07 0.019646868398135262
0.1 2.17 0.019648921421993
0.1 2.28 0.01965097424789897
0.1 2.39 0.019653026863646984
0.1 2.5 0.01965507925706181
 
2.3 0.0 0.019607843137254898
2.3 0.11 0.0202490119006867
2.3 0.22 0.02089336056620102
2.3 0.33 0.021539639545443665
2.3 0.43 0.022186641296790936
2.3 0.54 0.022833161535427055
2.3 0.65 0.023477946130717332
2.3 0.76 0.024119818065672507
2.3 0.87 0.024757582712726916
2.3 0.98 0.025390051872487964
2.3 1.09 0.02601605427596681
2.3 1.2 0.026634438717839787
2.3 1.3 0.027244078407280155
2.3 1.41 0.027843877338455104
2.3 1.52 0.02843278008520447
2.3 1.63 0.029009860295308654
2.3 1.74 0.029574021948724705
2.3 1.85 0.030124347878508758
2.3 1.96 0.03065994476078659
2.3 2.07 0.031179962524192518
2.3 2.17 0.03168359662451659
2.3 2.28 0.032170095728847485
2.3 2.39 0.03263895224519953
2.3 2.5 0.03308939681665561
 
4.5 0.0 0.019607843137254898
4.5 0.11 0.021498157779214863
4.5 0.22 0.023426665325848906
4.5 0.33 0.025381265944643242
4.5 0.43 0.02734905185571424
4.5 0.54 0.0293173035531692
4.5 0.65 0.03127279230855061
4.5 0.76 0.0332027798211175
4.5 0.87 0.03509463323488792
4.5 0.98 0.03693597728070242
4.5 1.09 0.03871531892139353
4.5 1.2 0.04042168913152527
4.5 1.3 0.04204500312528305
4.5 1.41 0.043576498157468516
4.5 1.52 0.0450080962599461
4.5 1.63 0.046333069895110025
4.5 1.74 0.047545895030551434
4.5 1.85 0.04864262208894517
4.5 1.96 0.04962043764809874
4.5 2.07 0.050477817152553894
4.5 2.17 0.051214555200185745
4.5 2.28 0.05183187357641599
4.5 2.39 0.05233252646296681
4.5 2.5 0.05271984117482364
 
6.7 0.0 0.019607843137254898
6.7 0.11 0.022606563985084697
6.7 0.22 0.0257500807279483
6.7 0.33 0.02900210302104052
6.7 0.43 0.03232294619414944
6.7 0.54 0.03567006801291219
6.7 0.65 0.03899970325270619
6.7 0.76 0.042267827799260825
6.7 0.87 0.045431400875701
6.7 0.98 0.04845018767326931
6.7 1.09 0.05128644079891718
6.7 1.2 0.053907284129463676
6.7 1.3 0.05628552068882703
6.7 1.41 0.05839933774633465
6.7 1.52 0.060233475948304145
6.7 1.63 0.06177970567534912
6.7 1.74 0.06303629922632403
6.7 1.85 0.06400788394950065
6.7 1.96 0.06470550674033025
6.7 2.07 0.06514573803900268
6.7 2.17 0.06534914432320121
6.7 2.28 0.06534115374969408
6.7 2.39 0.06514903562798803
6.7 2.5 0.0648023013725061
 
9.0 0.0 0.019607843137254898
9.0 0.11 0.023508386527121013
9.0 0.22 0.027732354306288644
9.0 0.33 0.03221395181324804
9.0 0.43 0.03687324748466955
9.0 0.54 0.04161950773494996
9.0 0.65 0.046354778988951434
9.0 0.76 0.05097843514308498
9.0 0.87 0.055391787073394365
9.0 0.98 0.05950388904028544
9.0 1.09 0.06323397521570434
9.0 1.2 0.06651719899508815
9.0 1.3 0.06930661511976327
9.0 1.41 0.07157461057383525
9.0 1.52 0.07331549223076182
9.0 1.63 0.07454196648484472
9.0 1.74 0.07528584660683633
9.0 1.85 0.07559516684917694
9.0 1.96 0.07552859814525212
9.0 2.07 0.07515448315487931
9.0 2.17 0.07454317071765434
9.0 2.28 0.07376710133141148
9.0 2.39 0.07289156711426634
9.0 2.5 0.071976539902837
 
11.2 0.0 0.019607843137254898
11.2 0.11 0.02447529708302295
11.2 0.22 0.029887426580599636
11.2 0.33 0.035740291158362476
11.2 0.43 0.04189462363036179
11.2 0.54 0.048183386680840545
11.2 0.65 0.054421175133473575
11.2 0.76 0.060417494172171904
11.2 0.87 0.0659898897213654
11.2 0.98 0.07097680182762095
11.2 1.09 0.075249672796332
11.2 1.2 0.0787222412860263
11.2 1.3 0.08135497949277308
11.2 1.41 0.08315773930986474
11.2 1.52 0.08418513577591917
11.2 1.63 0.08453027033477031
11.2 1.74 0.08431361200820923
11.2 1.85 0.0836732730410356
11.2 1.96 0.08274869886350128
11.2 2.07 0.0816719542103797
11.2 2.17 0.08055563331465988
11.2 2.28 0.07948653766892719
11.2 2.39 0.07852189507271956
11.2 2.5 0.07768801665310064
 
13.4 0.0 0.019607843137254898
13.4 0.11 0.025481410024839987
13.4 0.22 0.03215914161317491
13.4 0.33 0.039482762661049414
13.4 0.43 0.04722620508683045
13.4 0.54 0.05511031340671359
13.4 0.65 0.06282541684127235
13.4 0.76 0.07005920578704654
13.4 0.87 0.07652642816123623
13.4 0.98 0.08199723159961865
13.4 1.09 0.0863212434322429
13.4 1.2 0.08943718553964532
13.4 1.3 0.09137946045545625
13.4 1.41 0.09226769551364283
13.4 1.52 0.09228580599179473
13.4 1.63 0.09165839466491742
13.4 1.74 0.09062067836767089
13.4 1.85 0.08938934892321657
13.4 1.96 0.0881411337166193
13.4 2.07 0.08699875541284677
13.4 2.17 0.08602331539553941
13.4 2.28 0.08522148824565533
13.4 2.39 0.08455715116020483
13.4 2.5 0.0839674805537253
 
15.6 0.0 0.019607843137254898
15.6 0.11 0.026385467061855516
15.6 0.22 0.034283119610407885
15.6 0.33 0.043078289080218234
15.6 0.43 0.052432991157470535
15.6 0.54 0.06191818752653975
15.6 0.65 0.07105858007293232
15.6 0.76 0.0793868950424818
15.6 0.87 0.08650250344848293
15.6 0.98 0.09212304556731536
15.6 1.09 0.09611852907432035
15.6 1.2 0.0985220241041162
15.6 1.3 0.09951740561347282
15.6 1.41 0.09939820708814436
15.6 1.52 0.09851759356523317
15.6 1.63 0.09722772545563718
15.6 1.74 0.09582877027887371
15.6 1.85 0.09453243682798078
15.6 1.96 0.09344499690400823
15.6 2.07 0.09257507576101591
15.6 2.17 0.09185849653684804
15.6 2.28 0.09119445561298377
15.6 2.39 0.09048203558630288
15.6 2.5 0.08965022738303914
 
17.8 0.0 0.019607843137254898
17.8 0.11 0.02726611719150386
17.8 0.22 0.036407242327178874
17.8 0.33 0.04673951510028212
17.8 0.43 0.05778190745791905
17.8 0.54 0.06890853113983046
17.8 0.65 0.07942653279291016
17.8 0.76 0.08867894771294962
17.8 0.87 0.09614783020180478
17.8 0.98 0.10153824792803966
17.8 1.09 0.10481763972278374
17.8 1.2 0.10620850789155806
17.8 1.3 0.10612880501823327
17.8 1.41 0.10509469216646683
17.8 1.52 0.10361567170536118
17.8 1.63 0.10209861289359917
17.8 1.74 0.10079095133807503
17.8 1.85 0.09976786659897859
17.8 1.96 0.09896477474680604
17.8 2.07 0.09823812830566996
17.8 2.17 0.0974365849675178
17.8 2.28 0.09645885910864095
17.8 2.39 0.09528309788296008
17.8 2.5 0.0939643867055487
 
20.0 0.0 0.019607843137254898
20.0 0.11 0.028209243771920606
20.0 0.22 0.0386818179343001
20.0 0.33 0.050647157574892285
20.0 0.43 0.06344027670183522
20.0 0.54 0.07618370847232127
20.0 0.65 0.08792299518797078
20.0 0.76 0.09779995713222178
20.0 0.87 0.10521825100492345
20.0 0.98 0.10995759316840954
20.0 1.09 0.1122023335374263
20.0 1.2 0.11246899863875191
20.0 1.3 0.11146037666481907
20.0 1.41 0.10988341608854366
20.0 1.52 0.10829000557001855
20.0 1.63 0.10697971520350287
20.0 1.74 0.10599517817329926
20.0 1.85 0.10519165324539033
20.0 1.96 0.10435428258065038
20.0 2.07 0.10331186859547065
20.0 2.17 0.1020078237396299
20.0 2.28 0.10050932456924794
20.0 2.39 0.0989620031973104
20.0 2.5 0.0975168389389882
 
22.2 0.0 0.019607843137254898
22.2 0.11 0.029130290259039085
22.2 0.22 0.04094989351063515
22.2 0.33 0.05457997160378725
22.2 0.43 0.06912957483735443
22.2 0.54 0.08341853086019527
22.2 0.65 0.09619621677086153
22.2 0.76 0.10641158931319687
22.2 0.87 0.11345519635865098
22.2 0.98 0.11729062282572449
22.2 1.09 0.11842538674904314
22.2 1.2 0.11772741677512803
22.2 1.3 0.11614863004538196
22.2 1.41 0.11446087643498835
22.2 1.52 0.11308356212109659
22.2 1.63 0.11206524952253209
22.2 1.74 0.1111999149813722
22.2 1.85 0.11021115655178518
22.2 1.96 0.10892188061210742
22.2 2.07 0.10733626802418833
22.2 2.17 0.10561137586092947
22.2 2.28 0.10395606807448013
22.2 2.39 0.1025180215604606
22.2 2.5 0.10131615107923717
 
24.4 0.0 0.019607843137254898
24.4 0.11 0.02999599465367904
24.4 0.22 0.04315895577559722
24.4 0.33 0.058489086513805306
24.4 0.43 0.07482416415110446
24.4 0.54 0.09061990853435199
24.4 0.65 0.1042862626881759
24.4 0.76 0.11459209051153756
24.4 0.87 0.12099451915466142
24.4 0.98 0.12375836769717005
24.4 1.09 0.12381101113855501
24.4 1.2 0.12238205574049582
24.4 1.3 0.12057615954340271
24.4 1.41 0.11905804543691426
24.4 1.52 0.11796201993136965
24.4 1.63 0.11703967190375514
24.4 1.74 0.11593725723127198
24.4 1.85 0.11445197277778761
24.4 1.96 0.11263599367067491
24.4 2.07 0.11073190460917304
24.4 2.17 0.1089976755348393
24.4 2.28 0.10755429443540733
24.4 2.39 0.10633464415789659
24.4 2.5 0.10516122426854543
 
26.7 0.0 0.019607843137254898
26.7 0.11 0.03089220872361363
26.7 0.22 0.045458975386046506
26.7 0.33 0.06256265537508236
26.7 0.43 0.0807123492758156
26.7 0.54 0.09793112428909273
26.7 0.65 0.11225888675861524
26.7 0.76 0.12233307714554847
26.7 0.87 0.12780404582713023
26.7 0.98 0.12938419471432228
26.7 1.09 0.12849478502440165
26.7 1.2 0.12666370503799568
26.7 1.3 0.12496416903685283
26.7 1.41 0.12375067970990591
26.7 1.52 0.12278460549018382
26.7 1.63 0.12161734553366775
26.7 1.74 0.1199824490938654
26.7 1.85 0.1179638588489723
26.7 1.96 0.11588958338220494
26.7 2.07 0.11407124612955008
26.7 2.17 0.11259421877461263
26.7 2.28 0.11130286954164251
26.7 2.39 0.10995764311714862
26.7 2.5 0.10842798881148204
 
28.9 0.0 0.019607843137254898
28.9 0.11 0.0318187071628826
28.9 0.22 0.047839351197082707
28.9 0.33 0.06675763306266119
28.9 0.43 0.08669534774072368
28.9 0.54 0.10518834427402064
28.9 0.65 0.11990939372173419
28.9 0.76 0.12945757229746738
28.9 0.87 0.1338273196805251
28.9 0.98 0.1342977960147471
28.9 1.09 0.1327662614356733
28.9 1.2 0.13088749301954708
28.9 1.3 0.1294697830913032
28.9 1.41 0.12843266562396582
28.9 1.52 0.1272526123916509
28.9 1.63 0.12554422695819306
28.9 1.74 0.12336909869533831
28.9 1.85 0.1211266474351502
28.9 1.96 0.11919346502622709
28.9 2.07 0.1176384436312903
28.9 2.17 0.11623014848526354
28.9 2.28 0.11468815730859067
28.9 2.39 0.11293240965039651
28.9 2.5 0.11112286924047901
 
31.1 0.0 0.019607843137254898
31.1 0.11 0.032704402234973166
31.1 0.22 0.05018201210853705
31.1 0.33 0.07093480777388213
31.1 0.43 0.09263961602319744
31.1 0.54 0.11228980757352412
31.1 0.65 0.12719815010842114
31.1 0.76 0.13602073910508225
31.1 0.87 0.13923603984830638
31.1 0.98 0.1387577150750389
31.1 1.09 0.13687345994779002
31.1 1.2 0.13515496989022008
31.1 1.3 0.13397215130970205
31.1 1.41 0.1328336427736364
31.1 1.52 0.13116679670815243
31.1 1.63 0.1289025899055959
31.1 1.74 0.12647465915387943
31.1 1.85 0.1243644563009799
31.1 1.96 0.1226803425036976
31.1 2.07 0.12114284755930477
31.1 2.17 0.11942561825837572
31.1 2.28 0.11748048898541179
31.1 2.39 0.11554199888360651
31.1 2.5 0.11385403869261917
 
33.3 0.0 0.019607843137254898
33.3 0.11 0.03357824784685078
33.3 0.22 0.05254353276510981
33.3 0.33 0.07518098685121614
33.3 0.43 0.09865038846445165
33.3 0.54 0.11933503091034398
33.3 0.65 0.13420074751917518
33.3 0.76 0.14208659105148352
33.3 0.87 0.14411340736956146
33.3 0.98 0.14287183934911546
33.3 1.09 0.14089764480311853
33.3 1.2 0.13944339387778898
33.3 1.3 0.13833666007354387
33.3 1.41 0.13682552509821264
33.3 1.52 0.1345706860684205
33.3 1.63 0.13195400351211706
33.3 1.74 0.1296017316872279
33.3 1.85 0.12774633717527853
33.3 1.96 0.12609113637211364
33.3 2.07 0.12423235541020528
33.3 2.17 0.12211456888829525
33.3 2.28 0.12003618431602822
33.3 2.39 0.1182678851067061
33.3 2.5 0.11675728721458109
 
35.5 0.0 0.019607843137254898
35.5 0.11 0.03449416088785815
35.5 0.22 0.05500392595044218
35.5 0.33 0.07956575572820836
35.5 0.43 0.10474715364570165
35.5 0.54 0.12627231353100435
35.5 0.65 0.14082415581681165
35.5 0.76 0.1475989169439014
35.5 0.87 0.14850766299638837
35.5 0.98 0.14677926418631979
35.5 1.09 0.1449512183861928
35.5 1.2 0.1437278832217927
35.5 1.3 0.14242835510813653
35.5 1.41 0.14033786533673323
35.5 1.52 0.13760297348611555
35.5 1.63 0.1349632367721242
35.5 1.74 0.1328746575440009
35.5 1.85 0.13109782319312313
35.5 1.96 0.12913067640830628
35.5 2.07 0.12685470391159256
35.5 2.17 0.12461622646695757
35.5 2.28 0.1227345101739896
35.5 2.39 0.12111751448249536
35.5 2.5 0.119439344078395
 
37.7 0.0 0.019607843137254898
37.7 0.11 0.03540727441527161
37.7 0.22 0.057483530903938415
37.7 0.33 0.0839777512892993
37.7 0.43 0.1107989909158106
37.7 0.54 0.1329851043797421
37.7 0.65 0.1470211796452865
37.7 0.76 0.15262637788738478
37.7 0.87 0.15258760730107454
37.7 0.98 0.150636818378323
37.7 1.09 0.14904572405666144
37.7 1.2 0.14786312029833212
37.7 1.3 0.1461136495601989
37.7 1.41 0.1434434029107547
37.7 1.52 0.14051996754010318
37.7 1.63 0.13810205246149143
37.7 1.74 0.1361650096383261
37.7 1.85 0.1341309765090813
37.7 1.96 0.13173111855037015
37.7 2.07 0.12930864481489562
37.7 2.17 0.1272664980643775
37.7 2.28 0.12552313016964295
37.7 2.39 0.12370057697305631
37.7 2.5 0.12168971771947273
 
39.9 0.0 0.019607843137254898
39.9 0.11 0.036287244410492046
39.9 0.22 0.0599446730202627
39.9 0.33 0.08839746695743245
39.9 0.43 0.1168188157611101
39.9 0.54 0.13951943100621642
39.9 0.65 0.15286779489225608
39.9 0.76 0.15727198370162584
39.9 0.87 0.1564515994694159
39.9 0.98 0.15446942266233846
39.9 1.09 0.1530990466179031
39.9 1.2 0.15174013698642122
39.9 1.3 0.14941281772088794
39.9 1.41 0.1463321751862407
39.9 1.52 0.14349352172749377
39.9 1.63 0.14130309300606
39.9 1.74 0.13923194425218888
39.9 1.85 0.13676592142440588
39.9 1.96 0.13414066403713046
39.9 2.07 0.13188026573989722
39.9 2.17 0.1299942075019536
39.9 2.28 0.1280535269576198
39.9 2.39 0.12590004769799037
39.9 2.5 0.12384031796991576
 
42.1 0.0 0.019607843137254898
42.1 0.11 0.037187824497925244
42.1 0.22 0.062472604455206054
42.1 0.33 0.09291815637896003
42.1 0.43 0.12287124590012763
42.1 0.54 0.14588692912010653
42.1 0.65 0.15834746162762137
42.1 0.76 0.161545190512524
42.1 0.87 0.16014793062099106
42.1 0.98 0.15830566245852742
42.1 1.09 0.15706849616858617
42.1 1.2 0.1553126482151457
42.1 1.3 0.15239464959827
42.1 1.41 0.1491547588352492
42.1 1.52 0.14655885293123927
42.1 1.63 0.14441094937398263
42.1 1.74 0.14195353643552192
42.1 1.85 0.13914770049572492
42.1 1.96 0.13661107081330273
42.1 2.07 0.13455129922246245
42.1 2.17 0.13251548864454893
42.1 2.28 0.1302285667897497
42.1 2.39 0.1280097375811697
42.1 2.5 0.12614825418584968
 
44.4 0.0 0.019607843137254898
44.4 0.11 0.038117227214355134
44.4 0.22 0.06506619180805409
44.4 0.33 0.09750454334643954
44.4 0.43 0.12887842368482588
44.4 0.54 0.1519994738515387
44.4 0.65 0.16343184137913108
44.4 0.76 0.16551717494968224
44.4 0.87 0.16378361142888267
44.4 0.98 0.1621625884702147
44.4 1.09 0.16086654922069787
44.4 1.2 0.15854184012849062
44.4 1.3 0.1551765939447896
44.4 1.41 0.1520408876091548
44.4 1.52 0.14965040601865248
44.4 1.63 0.14725553613626724
44.4 1.74 0.14436314128131772
44.4 1.85 0.14151447025511557
44.4 1.96 0.13921063725892238
44.4 2.07 0.13708677182098145
44.4 2.17 0.13469334529237148
44.4 2.28 0.13229127982515346
44.4 2.39 0.1302707436547927
44.4 2.5 0.128427626441231
 
46.6 0.0 0.019607843137254898
46.6 0.11 0.03902334726242732
46.6 0.22 0.0676495726996641
46.6 0.33 0.10208132821106214
46.6 0.43 0.13479252030513156
46.6 0.54 0.15786399443515087
46.6 0.65 0.1681935993893559
46.6 0.76 0.16929034088962785
46.6 0.87 0.16740126989382076
46.6 0.98 0.16597312217878052
46.6 1.09 0.16441399487242495
46.6 1.2 0.16148656592952834
46.6 1.3 0.15791092340880505
46.6 1.41 0.15500782388954207
46.6 1.52 0.1526060420805349
46.6 1.63 0.14978183390502248
46.6 1.74 0.14665640331221036
46.6 1.85 0.14400335202632242
46.6 1.96 0.14176146072529747
46.6 2.07 0.13930988960359025
46.6 2.17 0.1367154633886297
46.6 2.28 0.134485951130351
46.6 2.39 0.13252549621178608
46.6 2.5 0.13040825255204108
 
48.8 0.0 0.019607843137254898
48.8 0.11 0.03991947004121695
48.8 0.22 0.07025406528377384
48.8 0.33 0.1067017873939555
48.8 0.43 0.1406712439507238
48.8 0.54 0.1635213958222284
48.8 0.65 0.17266163785401104
48.8 0.76 0.17288951366521546
48.8 0.87 0.1709963734777747
48.8 0.98 0.16969451823403675
48.8 1.09 0.1677039539360758
48.8 1.2 0.16423718459053857
48.8 1.3 0.1606739241614768
48.8 1.41 0.15797674808972145
48.8 1.52 0.15532081431450068
48.8 1.63 0.15208550300086945
48.8 1.74 0.14900147371433053
48.8 1.85 0.14653688956183133
48.8 1.96 0.14407225379464494
48.8 2.07 0.14131619937715653
48.8 2.17 0.13882143417868675
48.8 2.28 0.1367222646495203
48.8 2.39 0.13452286510651854
48.8 2.5 0.1322139003457724
 
51.0 0.0 0.019607843137254898
51.0 0.11 0.04085000151684877
51.0 0.22 0.07293463644487283
51.0 0.33 0.11139581766595709
51.0 0.43 0.14649375525250036
51.0 0.54 0.16892409012536286
51.0 0.65 0.17682734146202164
51.0 0.76 0.17636459328121054
51.0 0.87 0.17459836372582271
51.0 0.98 0.1732905200772853
51.0 1.09 0.17072896203600413
51.0 1.2 0.16687678378850102
51.0 1.3 0.16350122313213356
51.0 1.41 0.16085061829642588
51.0 1.52 0.15776471609904907
51.0 1.63 0.15431331153225686
51.0 1.74 0.15144680169521277
51.0 1.85 0.1489470080926042
51.0 1.96 0.14611783678245138
51.0 2.07 0.14332368075723143
51.0 2.17 0.1410236479817312
51.0 2.28 0.13876410132638695
51.0 2.39 0.1363080422257937
51.0 2.5 0.13411096453984298
 
