3 1.589098229803987
5 1.8234351519073604
7 1.9641849745266504
9 2.0669544464296536
11 2.150780468128293
13 2.2239467211589834
15 2.29063738354717
17 2.3531915043866554
19 2.413020826125851
21 2.471026689214812
23 2.5278111028090278
25 2.583791284076067
27 2.6392651486156824
29 2.694447184726617
31 2.749501897384714
33 2.804552176750824
35 2.8596926423006157
37 2.914996920977972
39 2.9705227512831422
41 3.0263156750269675
43 3.082411722071555
45 3.138839392790858
47 3.195621140951967
49 3.252780745131846
51 3.3103153040206226
53 3.3682356126337725
55 3.4265573641739167
57 3.4852829432483805
59 3.5444149416501194
61 3.603954237205116
63 3.6639002231609576
65 3.7242509844318423
67 3.7850034395843064
69 3.846153465036299
71 3.90769591659244
73 3.9696242536097026
75 4.031907997169357
77 4.094576847569307
79 4.157608331433057
81 4.220993966777506
83 4.284724884216747
85 4.348791891147128
87 4.41318552109602
89 4.477896066374222
91 4.542913592509853
93 4.608219484648909
95 4.673808255352679
97 4.739668761580226
99 4.805789691640741
101 4.872159641188862
