3 0.629287718811032
5 0.5484154448563603
7 0.5091170195113576
9 0.48380359892659774
11 0.46494749920722755
13 0.4496510597514953
15 0.4365597135463879
17 0.4249547893300948
19 0.4144183047129015
21 0.4046900846375551
23 0.3955991802111918
25 0.3870281652248812
27 0.3788933448102055
29 0.37113364317121017
31 0.3637022403771335
33 0.3565631648039212
35 0.34968792981734653
37 0.3430535355984195
39 0.3366410843236402
41 0.33043479510480644
43 0.3244212941572722
45 0.3185890945222473
47 0.3129282089121812
49 0.30742926694232714
51 0.3020860275108616
53 0.29689134461055583
55 0.2918381027136496
57 0.2869207511364837
59 0.2821340098330714
61 0.27747300164818545
63 0.2729331966188942
65 0.26851036736788464
67 0.26420055251252994
69 0.26000002576354875
71 0.2559052754729218
73 0.25191301143695627
75 0.2480215324114688
77 0.24422548097824492
79 0.24052289688752787
81 0.23691102329706581
83 0.23338721318692118
85 0.22994892030490316
87 0.22659369184000422
89 0.22331916265526583
91 0.2201230509091685
93 0.21700355274553249
95 0.21395828527084954
97 0.21098520810272733
99 0.20808234736934372
101 0.20524779022962983
