7 0.0011 0.0036
9 0.0007 0.0035
11 0.0008 0.003
13 0.0007 0.0028
15 0.0008 0.003
17 0.0007 0.0029
19 0.0007 0.0029
21 0.0007 0.0029
23 0.0007 0.003
25 0.0007 0.0026
27 0.0007 0.0028
29 0.0007 0.0041
31 0.0007 0.0037
33 0.0006 0.0034
35 0.0007 0.0038
37 0.0006 0.0035
39 0.0013 0.004
41 0.0012 0.0037
43 0.001 0.0034
45 0.0013 0.0039
47 0.0012 0.0037
49 0.0011 0.0034
51 0.001 0.0032
53 0.0009 0.0029
55 0.0008 0.0027
57 0.001 0.0033
59 0.0009 0.0031
61 0.0009 0.003
63 0.0009 0.0028
65 0.0009 0.0027
67 0.0008 0.0026
69 0.0008 0.0024
71 0.0008 0.0023
