7 0.0089 0.035
9 0.0082 0.0324
11 0.0039 0.0151
13 0.0047 0.0234
15 0.0049 0.0233
17 0.0043 0.0208
19 0.0069 0.0208
21 0.0062 0.0197
23 0.0063 0.0189
25 0.0058 0.0182
27 0.0054 0.0176
29 0.0051 0.0169
31 0.0054 0.0169
33 0.0055 0.0168
35 0.0056 0.0165
37 0.0057 0.0164
39 0.005 0.0154
41 0.0051 0.0155
43 0.0053 0.0153
45 0.0053 0.0151
47 0.0029 0.014
49 0.0029 0.0139
51 0.0029 0.0139
53 0.0029 0.0139
55 0.0029 0.0138
57 0.0028 0.0136
59 0.0027 0.0127
61 0.0027 0.0126
63 0.0026 0.0125
65 0.0026 0.0124
67 0.0026 0.0124
69 0.0026 0.0123
71 0.0026 0.0123
