0.0 0.0
0.9 36.01758485788722
1.7 64.3912910936403
2.6 87.73688177194192
3.5 114.08638546553163
4.3 129.7125402895725
5.2 151.29579418781955
6.1 168.35166256779448
6.9 182.83877447922637
7.8 199.40668899096408
8.6 210.52423964000621
9.5 226.64189432081136
10.4 237.79859057019206
11.2 250.61511317122023
12.1 260.6434514836501
13.0 273.99946296423724
13.8 281.8282610987069
14.7 293.0692165557601
15.6 303.3908595741392
16.4 310.64126653187435
17.3 321.35838680104456
18.2 328.9932925035438
19.0 337.80315821064454
19.9 344.73802044002804
20.7 352.99491255006694
21.6 359.70874195626635
22.5 367.4928858427298
23.3 376.17551567976295
24.2 386.76022341129806
25.1 380.24980968443043
25.9 381.09414974787745
26.8 424.8799380854845
27.7 426.2101429407461
28.5 405.84169833243993
29.4 409.2262480566166
30.3 402.49826101664485
31.1 425.54262060278376
32.0 442.73880727430185
32.8 463.5756081954445
33.7 477.6092883710803
34.6 476.42632423436373
35.4 474.98389338002426
36.3 460.43818933264953
37.2 459.7182525788355
38.0 447.8014665179128
38.9 456.2869046079685
39.8 455.1888951133516
40.6 472.95765416356573
41.5 479.91929221959657
42.4 506.1246804451854
43.2 515.1357586864169
44.1 542.8500863443827
44.9 549.3264084017324
45.8 571.8202182384522
46.7 571.7626554599104
47.5 586.1150649609285
48.4 581.3382488739762
49.3 578.6772805884186
50.1 564.8466843697614
51.0 586.1328640140013
