0.0 0.0
0.9 26.389104927845416
1.7 41.82687596248448
2.6 51.08520279015404
3.5 61.87285213059765
4.3 66.63652944149038
5.2 74.0150571418498
6.1 80.2145565067546
6.9 84.59489985183421
7.8 91.23168354422998
8.6 95.37043829077771
9.5 102.45160778222527
10.4 108.39131601888391
11.2 114.84571733580722
12.1 122.24497383522389
13.0 130.35151367780725
13.8 138.65418107451887
14.7 147.92355877006364
15.6 159.3268633930355
16.4 169.55994508459528
17.3 183.11736287614218
18.2 197.29762268816233
19.0 212.08878267666407
19.9 229.93352549920914
20.7 247.23459112725462
21.6 268.85306938469887
22.5 293.0487325963466
23.3 314.73786350939776
24.2 328.2860181596951
25.1 380.69784398824777
25.9 437.5703723731884
26.8 380.07085294173316
27.7 410.9127744065232
28.5 511.7683630160711
29.4 551.9600377755262
30.3 609.1298201268257
31.1 529.6425271664011
32.0 529.1209488650755
32.8 502.7904204615018
33.7 554.0791463223545
34.6 595.3806469200993
35.4 667.9628033695727
36.3 687.7358659680018
37.2 686.4769176604865
38.0 626.8247715632576
38.9 581.4261563938501
39.8 528.0317473792397
40.6 506.01288395040257
41.5 487.10888672608405
42.4 499.29928295236857
43.2 506.8096780290744
44.1 545.0656306515863
44.9 566.3133853592877
45.8 615.0757545535554
46.7 624.6768040482292
47.5 658.7485654564666
48.4 652.0437679023147
49.3 635.4763938979237
50.1 594.4801564148083
51.0 640.5183187467081
