0.0 0.0
0.9 31.72711176056625
1.7 54.238350009647554
2.6 70.26747461798769
3.5 88.73337397740333
4.3 97.88705752570617
5.2 111.45743124832666
6.1 121.56152824828617
6.9 129.43983995715072
7.8 139.1014786983753
8.6 144.65662271528802
9.5 153.854556032634
10.4 159.75661643659546
11.2 166.5944493555902
12.1 172.16022873537742
13.0 179.36298622539252
13.8 183.84077342235742
14.7 189.8920380022956
15.6 196.19792706904337
16.4 200.13387967314048
17.3 206.76473982509307
18.2 211.57560107641666
19.0 217.02173997798582
19.9 222.04336611677738
20.7 227.25621944911086
21.6 232.50519520585598
22.5 238.24718627661454
23.3 246.23894986727882
24.2 250.24778511056613
25.1 245.70345002216862
25.9 260.97213021136406
26.8 292.3008458695987
27.7 272.5176556899192
28.5 265.899419097089
29.4 274.0812793985131
30.3 281.27884100400684
31.1 313.4351313757898
32.0 322.70975100670245
32.8 342.269426760599
33.7 334.90775556020765
34.6 334.9000332636483
35.4 325.50876140649075
36.3 325.614780856603
37.2 330.73782300131705
38.0 339.76796921191584
38.9 360.0288251415772
39.8 379.3359363549605
40.6 408.7833187632446
41.5 431.03049281657354
42.4 461.0295987616043
43.2 475.46949101178785
44.1 494.00272965037675
44.9 496.94015880417203
45.8 501.3140330648541
46.7 499.0182118277528
47.5 497.93405106085305
48.4 491.4618763582859
49.3 485.13452640358133
50.1 503.94618474771823
51.0 511.8891996745612
