a b c
0.1 0.02 0.019607843137254898
0.1 0.06 0.019609262907470126
0.1 0.1 0.019610682713910872
0.1 0.14 0.019612102556142274
0.1 0.18 0.01961352243374082
0.1 0.22 0.019614942346294267
0.1 0.26 0.019616362293401496
0.1 0.3 0.019617782274672407
0.1 0.34 0.01961920228972768
0.1 0.38 0.0196206223381988
0.1 0.42 0.019622042419727845
0.1 0.46 0.019623462533967455
0.1 0.5 0.019624882680580692
0.1 0.54 0.019626302859240996
0.1 0.58 0.019627723069632102
0.1 0.62 0.01962914331144796
0.1 0.66 0.019630563584392743
0.1 0.7 0.019631983888180733
0.1 0.74 0.01963340422253633
0.1 0.78 0.019634824587194077
0.1 0.82 0.019636244981898535
0.1 0.86 0.01963766540640431
0.1 0.9 0.01963908586047619
0.1 0.94 0.019640506343888985
 
58.7 0.02 0.019607843137254898
58.7 0.06 0.029553337860215186
58.7 0.1 0.04306174277086372
58.7 0.14 0.0605150156910506
58.7 0.18 0.08191116587073997
58.7 0.22 0.10671528049714422
58.7 0.26 0.13378653676752947
58.7 0.3 0.16146057078578607
58.7 0.34 0.18779149616977
58.7 0.38 0.21092656452002634
58.7 0.42 0.2295212791678664
58.7 0.46 0.24305113788380717
58.7 0.5 0.2519021131388533
58.7 0.54 0.25717895470288443
58.7 0.58 0.2602873477929177
58.7 0.62 0.262461256684926
58.7 0.66 0.2644131980939208
58.7 0.7 0.2662615064257845
58.7 0.74 0.26773369274308867
58.7 0.78 0.2685112622576562
58.7 0.82 0.26851590656015656
58.7 0.86 0.26798581365466656
58.7 0.9 0.26731611122473375
58.7 0.94 0.26680921391037316
 
117.3 0.02 0.019607843137254898
117.3 0.06 0.037917092956246505
117.3 0.1 0.06775292705974477
117.3 0.14 0.11104550653676788
117.3 0.18 0.16601990091523
117.3 0.22 0.22597887913543901
117.3 0.26 0.28089126355608823
117.3 0.3 0.32204855065954263
117.3 0.34 0.3469194920054866
117.3 0.38 0.35986570367900717
117.3 0.42 0.36754064957600363
117.3 0.46 0.3734375582069883
117.3 0.5 0.3772054477393245
117.3 0.54 0.3783360072112471
117.3 0.58 0.37829854492437115
117.3 0.62 0.3784737416742446
117.3 0.66 0.37828072253481926
117.3 0.7 0.37692396785460236
117.3 0.74 0.37519709047206407
117.3 0.78 0.37392755660597615
117.3 0.82 0.37248225220199965
117.3 0.86 0.37036462079393656
117.3 0.9 0.36832674133807597
117.3 0.94 0.36667780080710716
 
176.0 0.02 0.019607843137254898
176.0 0.06 0.04635361789314912
176.0 0.1 0.0964161077039991
176.0 0.14 0.17304291126462887
176.0 0.18 0.2656147362132976
176.0 0.22 0.3501113816386107
176.0 0.26 0.4059730128197794
176.0 0.3 0.43368342774347585
176.0 0.34 0.4481425536045855
176.0 0.38 0.45754757628235015
176.0 0.42 0.4616412649206508
176.0 0.46 0.46303276037670155
176.0 0.5 0.4639483508440287
176.0 0.54 0.4628785952794429
176.0 0.58 0.46108764769790334
176.0 0.62 0.4594242944228623
176.0 0.66 0.45666525189923135
176.0 0.7 0.4540763393763687
176.0 0.74 0.4513842403832195
176.0 0.78 0.44820558637955255
176.0 0.82 0.4454602747985912
176.0 0.86 0.4422951081769358
176.0 0.9 0.4393203463145724
176.0 0.94 0.4363805274453519
 
234.6 0.02 0.019607843137254898
234.6 0.06 0.054948422923289775
234.6 0.1 0.1283616635346237
234.6 0.14 0.24244289473097974
234.6 0.18 0.36659014438012044
234.6 0.22 0.4546840320175604
234.6 0.26 0.49626207511156056
234.6 0.3 0.516589246768301
234.6 0.34 0.5276554792219522
234.6 0.38 0.5315409037945336
234.6 0.42 0.5338657860793175
234.6 0.46 0.5329320261264447
234.6 0.5 0.5314263876788798
234.6 0.54 0.5287945436900503
234.6 0.58 0.5256246130121998
234.6 0.62 0.5222504755859391
234.6 0.66 0.5184416833748148
234.6 0.7 0.5147210406778133
234.6 0.74 0.5107457028582723
234.6 0.78 0.5068780149893276
234.6 0.82 0.5029613596660083
234.6 0.86 0.49905175250803135
234.6 0.9 0.49529801419868924
234.6 0.94 0.49141815182535464
 
293.2 0.02 0.019607843137254898
293.2 0.06 0.06461688099355023
293.2 0.1 0.16671156382219138
293.2 0.14 0.3232905148865428
293.2 0.18 0.4694531705655404
293.2 0.22 0.5466521757980239
293.2 0.26 0.578316994242029
293.2 0.3 0.5934600199716656
293.2 0.34 0.598358492777615
293.2 0.38 0.6001458038571457
293.2 0.42 0.5980283708986941
293.2 0.46 0.5953392541583884
293.2 0.5 0.5910748619690998
293.2 0.54 0.5865634653213343
293.2 0.58 0.5818330453956085
293.2 0.62 0.5765597812425917
293.2 0.66 0.5717738974486108
293.2 0.7 0.5665516545322038
293.2 0.74 0.561535543248854
293.2 0.78 0.556775156111077
293.2 0.82 0.5517946002501256
293.2 0.86 0.5470976355836843
293.2 0.9 0.5426080859673227
293.2 0.94 0.5380175439511051
 
351.8 0.02 0.019607843137254898
351.8 0.06 0.0753161879820141
351.8 0.1 0.21160048170333726
351.8 0.14 0.41171149361842085
351.8 0.18 0.5657315222395423
351.8 0.22 0.6288223766571729
351.8 0.26 0.6546094131548301
351.8 0.3 0.6627722259250127
351.8 0.34 0.6650648377533256
351.8 0.38 0.6623732589834607
351.8 0.42 0.6578710288239379
351.8 0.46 0.6525783680920538
351.8 0.5 0.6459795322738342
351.8 0.54 0.6395265998647265
351.8 0.58 0.6331385184795072
351.8 0.62 0.6263914847435185
351.8 0.66 0.6198125683445483
351.8 0.7 0.6136334312286186
351.8 0.74 0.6075625916313058
351.8 0.78 0.6014991762691488
351.8 0.82 0.5956264922468747
351.8 0.86 0.590058904952817
351.8 0.9 0.5847300883895568
351.8 0.94 0.5795340510579059
 
410.4 0.02 0.019607843137254898
410.4 0.06 0.08619764481862366
410.4 0.1 0.2590803478430104
410.4 0.14 0.49760538661387227
410.4 0.18 0.6468754112768501
410.4 0.22 0.7001576596256366
410.4 0.26 0.7193751811108857
410.4 0.3 0.7252393107181561
410.4 0.34 0.7232611458511689
410.4 0.38 0.7185311316102903
410.4 0.42 0.7121250740232458
410.4 0.46 0.7043195233787624
410.4 0.5 0.696111566026359
410.4 0.54 0.6880383837811164
410.4 0.58 0.680081966878142
410.4 0.62 0.6721835005858792
410.4 0.66 0.6644087508032415
410.4 0.7 0.6568589356114415
410.4 0.74 0.6495928459824506
410.4 0.78 0.6426214271726526
410.4 0.82 0.6359314458015131
410.4 0.86 0.6295027594665112
410.4 0.9 0.6233182829642916
410.4 0.94 0.6173624702385327
 
469.0 0.02 0.019607843137254898
469.0 0.06 0.09784396399623975
469.0 0.1 0.3092745508095911
469.0 0.14 0.5779511245037818
469.0 0.18 0.7151419372289827
469.0 0.22 0.761094113887161
469.0 0.26 0.775461356990764
469.0 0.3 0.777969637517767
469.0 0.34 0.7747539618814796
469.0 0.38 0.7680562885564104
469.0 0.42 0.7596079668595613
469.0 0.46 0.7504918425334015
469.0 0.5 0.7411841148715519
469.0 0.54 0.7318847083931286
469.0 0.58 0.7227091061705347
469.0 0.62 0.7137386349200742
469.0 0.66 0.7050278887200986
469.0 0.7 0.6966081007957046
469.0 0.74 0.6884931020904285
469.0 0.78 0.680686109399781
469.0 0.82 0.6731848211002075
469.0 0.86 0.6659849220112587
469.0 0.9 0.6590814160785482
469.0 0.94 0.6524657317137256
 
527.7 0.02 0.019607843137254898
527.7 0.06 0.10979131849958826
527.7 0.1 0.3616048448916881
527.7 0.14 0.6511408741981095
527.7 0.18 0.7732760715627451
527.7 0.22 0.8120918531681081
527.7 0.26 0.8238425156659108
527.7 0.3 0.8238208140668556
527.7 0.34 0.8184705162835657
527.7 0.38 0.810558864612047
527.7 0.42 0.8013201738060834
527.7 0.46 0.7914190037023978
527.7 0.5 0.7812620719150509
527.7 0.54 0.7711035168570283
527.7 0.58 0.7611019890533319
527.7 0.62 0.7513589845697959
527.7 0.66 0.7419386215764099
527.7 0.7 0.7328694221801327
527.7 0.74 0.7241379627208665
527.7 0.78 0.7157028402532267
527.7 0.82 0.7075438275731358
527.7 0.86 0.6997049675431902
527.7 0.9 0.692238731543192
527.7 0.94 0.685095014280766
 
586.3 0.02 0.019607843137254898
586.3 0.06 0.12196489272207471
586.3 0.1 0.41285067340189124
586.3 0.14 0.7128285957860185
586.3 0.18 0.8210899340216119
586.3 0.22 0.8540545177865032
586.3 0.26 0.8633644254282221
586.3 0.3 0.8623820300639056
586.3 0.34 0.8563501803255701
586.3 0.38 0.8477541657601569
586.3 0.42 0.837863030110322
586.3 0.46 0.8273581457924954
586.3 0.5 0.8166299733130519
586.3 0.54 0.8059366361768029
586.3 0.58 0.7954714358766262
586.3 0.62 0.7853338756400783
586.3 0.66 0.7754750702351911
586.3 0.7 0.765823833740404
586.3 0.74 0.7565113937905344
586.3 0.78 0.7476678535415507
586.3 0.82 0.7390994907524858
586.3 0.86 0.7307728737177773
586.3 0.9 0.7228933943036578
586.3 0.94 0.7152464180907155
 
644.9 0.02 0.019607843137254898
644.9 0.06 0.1337958538006808
644.9 0.1 0.46150874714569795
644.9 0.14 0.7624119008698997
644.9 0.18 0.8589546273443741
644.9 0.22 0.8881090913492483
644.9 0.26 0.8957226367547036
644.9 0.3 0.8939941226654461
644.9 0.34 0.8876656186772536
644.9 0.38 0.8789671393822142
644.9 0.42 0.8690513054642449
644.9 0.46 0.858504324322097
644.9 0.5 0.8476229907312636
644.9 0.54 0.8367024792479186
644.9 0.58 0.8260734169263649
644.9 0.62 0.8156974601730346
644.9 0.66 0.805425537628923
644.9 0.7 0.7955920916368981
644.9 0.74 0.7860749885700962
644.9 0.78 0.7767886253345988
644.9 0.82 0.7679687498055717
644.9 0.86 0.7593182093749374
644.9 0.9 0.751121959427961
644.9 0.94 0.7430937555374444
 
703.5 0.02 0.019607843137254898
703.5 0.06 0.14568262749615865
703.5 0.1 0.5076793399412708
703.5 0.14 0.802074010586768
703.5 0.18 0.8883349079585655
703.5 0.22 0.9149169082691664
703.5 0.26 0.9218321831467642
703.5 0.3 0.9200637596912076
703.5 0.34 0.9138822006966145
703.5 0.38 0.9052976189198503
703.5 0.42 0.8954878282043345
703.5 0.46 0.8851868939190113
703.5 0.5 0.8745429639541554
703.5 0.54 0.8636884588850317
703.5 0.58 0.8531233063798432
703.5 0.62 0.842599817173438
703.5 0.66 0.8323728756392184
703.5 0.7 0.8223966986692337
703.5 0.74 0.8127293539287056
703.5 0.78 0.8033200051393382
703.5 0.82 0.794297338612888
703.5 0.86 0.7854640535538737
703.5 0.9 0.7770319724775353
703.5 0.94 0.7688475009486014
 
762.1 0.02 0.019607843137254898
762.1 0.06 0.157526437957017
762.1 0.1 0.550823108615562
762.1 0.14 0.8333536380687829
762.1 0.18 0.9106547655249093
762.1 0.22 0.9351545643108062
762.1 0.26 0.9417758718411268
762.1 0.3 0.9403379367864968
762.1 0.34 0.9348252083452684
762.1 0.38 0.9271090123201515
762.1 0.42 0.9179031156917052
762.1 0.46 0.90790273776357
762.1 0.5 0.8977251771379641
762.1 0.54 0.8871821538639347
762.1 0.58 0.8768516088527518
762.1 0.62 0.8664481213240487
762.1 0.66 0.8563780112804193
762.1 0.7 0.8464318423520685
762.1 0.74 0.8367360755212226
762.1 0.78 0.8273825322757561
762.1 0.82 0.8182364718679762
762.1 0.86 0.8093467325261251
762.1 0.9 0.8007790640180913
762.1 0.94 0.79249652729407
 
820.7 0.02 0.019607843137254898
820.7 0.06 0.16957839157516252
820.7 0.1 0.5898789795833672
820.7 0.14 0.8575116043637272
820.7 0.18 0.9272296585330416
820.7 0.22 0.9501538120184277
820.7 0.26 0.9569752741385873
820.7 0.3 0.9564377222524609
820.7 0.34 0.9517926307164661
820.7 0.38 0.9446766194721855
820.7 0.42 0.9364250102861321
820.7 0.46 0.9271149035147311
820.7 0.5 0.9175052945555375
820.7 0.54 0.9074731033162188
820.7 0.58 0.8975292057848724
820.7 0.62 0.8875136247123391
820.7 0.66 0.8775807077852681
820.7 0.7 0.8678874523095959
820.7 0.74 0.8583827399835504
820.7 0.78 0.8490554368595459
820.7 0.82 0.8399506780265504
820.7 0.86 0.8310996412145769
820.7 0.9 0.8225064309567452
820.7 0.94 0.8141650148050309
 
879.4 0.02 0.019607843137254898
879.4 0.06 0.18102200844032185
879.4 0.1 0.6257411755623272
879.4 0.14 0.8762042515580729
879.4 0.18 0.9394951319376901
879.4 0.22 0.9612485134845078
879.4 0.26 0.9684339611627292
879.4 0.3 0.968545227209557
879.4 0.34 0.9648309490988982
879.4 0.38 0.9589729177030512
879.4 0.42 0.9514620438050546
879.4 0.46 0.9431651152980782
879.4 0.5 0.9342218146034046
879.4 0.54 0.9248628296688159
879.4 0.58 0.915421994088304
879.4 0.62 0.905921065556595
879.4 0.66 0.8964005482365485
879.4 0.7 0.886954641866375
879.4 0.74 0.8776509580143863
879.4 0.78 0.8685230533027305
879.4 0.82 0.8595884327944354
879.4 0.86 0.8508590667506032
879.4 0.9 0.8423440527723565
879.4 0.94 0.834049008397478
 
938.0 0.02 0.019607843137254898
938.0 0.06 0.19333595923452432
938.0 0.1 0.6591247730081274
938.0 0.14 0.891559506456846
938.0 0.18 0.9488153552881935
938.0 0.22 0.9692602381043599
938.0 0.26 0.9764939337745756
938.0 0.3 0.9774478041351417
938.0 0.34 0.9749627207171699
938.0 0.38 0.9700475975584276
938.0 0.42 0.9636918741765212
938.0 0.46 0.9563422847573817
938.0 0.5 0.9482139453358274
938.0 0.54 0.9396402935804025
938.0 0.58 0.9308196491224794
938.0 0.62 0.9218554640608622
938.0 0.66 0.9128295250360334
938.0 0.7 0.903811493298354
938.0 0.74 0.894856154406119
938.0 0.78 0.8860062602074813
938.0 0.82 0.8772972717238865
938.0 0.86 0.868759428725992
938.0 0.9 0.8604060613690514
938.0 0.94 0.8522244163326863
 
996.6 0.02 0.019607843137254898
996.6 0.06 0.20596364489409302
996.6 0.1 0.6903239516156817
996.6 0.14 0.9044081878684282
996.6 0.18 0.9559084062627752
996.6 0.22 0.9747451910902496
996.6 0.26 0.982031329825626
996.6 0.3 0.9839729279303495
996.6 0.34 0.9823663064399409
996.6 0.38 0.978664419630987
996.6 0.42 0.9734065326591018
996.6 0.46 0.9669992557863378
996.6 0.5 0.9598087333019736
996.6 0.54 0.9520805586382296
996.6 0.58 0.9439835992945763
996.6 0.62 0.9356480707305683
996.6 0.66 0.9271796931745021
996.6 0.7 0.9186594437922792
996.6 0.74 0.910138137004456
996.6 0.78 0.9016405662816697
996.6 0.82 0.8932094105007502
996.6 0.86 0.884922779233051
996.6 0.9 0.8767842924677504
996.6 0.94 0.8687408998307823
 
1055.2 0.02 0.019607843137254898
1055.2 0.06 0.2188016465997511
1055.2 0.1 0.7190315200531809
1055.2 0.14 0.9152517844804087
1055.2 0.18 0.9612545504722293
1055.2 0.22 0.9784079520768205
1055.2 0.26 0.9859191993859111
1055.2 0.3 0.9883373854873481
1055.2 0.34 0.9878409512664074
1055.2 0.38 0.9851437592539974
1055.2 0.42 0.9808954981810376
1055.2 0.46 0.9755218017365602
1055.2 0.5 0.9693001642089546
1055.2 0.54 0.9624464200499111
1055.2 0.58 0.9551374259830291
1055.2 0.62 0.9475114411775194
1055.2 0.66 0.9396587021504953
1055.2 0.7 0.931642064434548
1055.2 0.74 0.9235667707581817
1055.2 0.78 0.9155189624059777
1055.2 0.82 0.9074576961574179
1055.2 0.86 0.8994709731038911
1055.2 0.9 0.8915849896365484
1055.2 0.94 0.883777311844899
 
1113.8 0.02 0.019607843137254898
1113.8 0.06 0.23207861790799042
1113.8 0.1 0.7464380596433537
1113.8 0.14 0.9249863353596285
1113.8 0.18 0.9655359588370404
1113.8 0.22 0.9810887057115172
1113.8 0.26 0.9883903664945072
1113.8 0.3 0.9913318805738947
1113.8 0.34 0.991554933276017
1113.8 0.38 0.989845164852927
1113.8 0.42 0.9866413618114235
1113.8 0.46 0.9822661733336775
1113.8 0.5 0.9769801681676789
1113.8 0.54 0.9710021276223435
1113.8 0.58 0.964506791475073
1113.8 0.62 0.9575937307145744
1113.8 0.66 0.9503523676902096
1113.8 0.7 0.9429575350473215
1113.8 0.74 0.935415057293629
1113.8 0.78 0.9277870319055567
1113.8 0.82 0.9201598660989645
1113.8 0.86 0.912521891059886
1113.8 0.9 0.9049333087723037
1113.8 0.94 0.8974275528204174
 
1172.4 0.02 0.019607843137254898
1172.4 0.06 0.24641635748066024
1172.4 0.1 0.7723093958658847
1172.4 0.14 0.9339023283231668
1172.4 0.18 0.9692194974990107
1172.4 0.22 0.9831870274465758
1172.4 0.26 0.9898922438780292
1172.4 0.3 0.9931940118583791
1172.4 0.34 0.9941129583311366
1172.4 0.38 0.9932422905049749
1172.4 0.42 0.9909496859682599
1172.4 0.46 0.9874970792470145
1172.4 0.5 0.9831009055161852
1172.4 0.54 0.9779772339709492
1172.4 0.58 0.9722869208190023
1172.4 0.62 0.9660782497549001
1172.4 0.66 0.9595525505807535
1172.4 0.7 0.9527422244484617
1172.4 0.74 0.9457575572354763
1172.4 0.78 0.9386162093372742
1172.4 0.82 0.931439599903745
1172.4 0.86 0.9241903176684906
1172.4 0.9 0.9169420654650675
1172.4 0.94 0.9097429426666913
 
1231.1 0.02 0.019607843137254898
1231.1 0.06 0.26063727032074435
1231.1 0.1 0.7963366577795274
1231.1 0.14 0.9421694095585503
1231.1 0.18 0.9726973585942918
1231.1 0.22 0.9848511981388157
1231.1 0.26 0.9909323139159002
1231.1 0.3 0.994258920103468
1231.1 0.34 0.995656967486918
1231.1 0.38 0.995490907545785
1231.1 0.42 0.9940191785439713
1231.1 0.46 0.9914381109665946
1231.1 0.5 0.987896492604617
1231.1 0.54 0.9835962078198426
1231.1 0.58 0.9786745709903808
1231.1 0.62 0.9732040071501278
1231.1 0.66 0.9673572163580861
1231.1 0.7 0.9611750901323883
1231.1 0.74 0.9547301750249345
1231.1 0.78 0.9481400538235011
1231.1 0.82 0.9414138019099632
1231.1 0.86 0.9345877315994481
1231.1 0.9 0.92771748520819
1231.1 0.94 0.9208405009442213
 
1289.7 0.02 0.019607843137254898
1289.7 0.06 0.27545331089630837
1289.7 0.1 0.8185324484090472
1289.7 0.14 0.9498343380544759
1289.7 0.18 0.9761800178889779
1289.7 0.22 0.9862161286772333
1289.7 0.26 0.9916831746555264
1289.7 0.3 0.9949086782110744
1289.7 0.34 0.9965970798009588
1289.7 0.38 0.9969656670171918
1289.7 0.42 0.9961538934898122
1289.7 0.46 0.9943278031973076
1289.7 0.5 0.9915845345467992
1289.7 0.54 0.9880500845600084
1289.7 0.58 0.9838661081988391
1289.7 0.62 0.9791342011525032
1289.7 0.66 0.9739235547705869
1289.7 0.7 0.9683688861853892
1289.7 0.74 0.9625283916831108
1289.7 0.78 0.9564507532555333
1289.7 0.82 0.9501956942832027
1289.7 0.86 0.9438162664510864
1289.7 0.9 0.9373540664577892
1289.7 0.94 0.9308428570528886
 
1348.3 0.02 0.019607843137254898
1348.3 0.06 0.29032126068560316
1348.3 0.1 0.8389024364512572
1348.3 0.14 0.9570108229614077
1348.3 0.18 0.9795351159180128
1348.3 0.22 0.9875850888409657
1348.3 0.26 0.9921887908254404
1348.3 0.3 0.9951920200529986
1348.3 0.34 0.9970284734914111
1348.3 0.38 0.9978161102635523
1348.3 0.42 0.9975867001374747
1348.3 0.46 0.9963844551744236
1348.3 0.5 0.994352125799755
1348.3 0.54 0.9915250558860814
1348.3 0.58 0.988036627315858
1348.3 0.62 0.9839891619586101
1348.3 0.66 0.9794461284449199
1348.3 0.7 0.9744920748106288
1348.3 0.74 0.969207067755447
1348.3 0.78 0.9636568348345227
1348.3 0.82 0.9578969716947693
1348.3 0.86 0.9519751731047394
1348.3 0.9 0.9459303711129521
1348.3 0.94 0.9397923949438661
 
1406.9 0.02 0.019607843137254898
1406.9 0.06 0.3050955484503855
1406.9 0.1 0.8572749826553364
1406.9 0.14 0.9636506708756852
1406.9 0.18 0.9826817998961217
1406.9 0.22 0.9890671827710196
1406.9 0.26 0.992722079613872
1406.9 0.3 0.9953676162724209
1406.9 0.34 0.9972275247705791
1406.9 0.38 0.9982523538143345
1406.9 0.42 0.9984453911128942
1406.9 0.46 0.9977994331934009
1406.9 0.5 0.9963678950921112
1406.9 0.54 0.9941860502317619
1406.9 0.58 0.9913402950974188
1406.9 0.62 0.9879200325547673
1406.9 0.66 0.983996460455764
1406.9 0.7 0.9796389818605235
1406.9 0.74 0.9749153000078662
1406.9 0.78 0.969889356319103
1406.9 0.82 0.9646215383223883
1406.9 0.86 0.959160709580826
1406.9 0.9 0.953533727911661
1406.9 0.94 0.9477758924566998
 
1465.5 0.02 0.019607843137254898
1465.5 0.06 0.31981630872969563
1465.5 0.1 0.8731937220430148
1465.5 0.14 0.9695487835716292
1465.5 0.18 0.9855857541230083
1465.5 0.22 0.9905315898039042
1465.5 0.26 0.9933266181067288
1465.5 0.3 0.9955100206761136
1465.5 0.34 0.9972239897677305
1465.5 0.38 0.9984104888669152
1465.5 0.42 0.9989058506187107
1465.5 0.46 0.9987096352036168
1465.5 0.5 0.9977873573493555
1465.5 0.54 0.9961701420564913
1465.5 0.58 0.9939152140167175
1465.5 0.62 0.9910842287740562
1465.5 0.66 0.9877420531122476
1465.5 0.7 0.9839540027446272
1465.5 0.74 0.9797776594066939
1465.5 0.78 0.975260531670313
1465.5 0.82 0.9704661096036004
1465.5 0.86 0.9654621119278962
1465.5 0.9 0.9602522895848903
1465.5 0.94 0.9549001274718382
 
1524.1 0.02 0.019607843137254898
1524.1 0.06 0.33442656020824424
1524.1 0.1 0.8870848519894337
1524.1 0.14 0.9747587729071632
1524.1 0.18 0.9882000538211071
1524.1 0.22 0.9919234915976706
1524.1 0.26 0.9939151332363955
1524.1 0.3 0.9956276726711404
1524.1 0.34 0.9971947165052932
1524.1 0.38 0.9983803081765102
1524.1 0.42 0.9991037841660657
1524.1 0.46 0.9992303173371244
1524.1 0.5 0.9987339919871907
1524.1 0.54 0.9976090850208813
1524.1 0.58 0.995880638903759
1524.1 0.62 0.9935906624854624
1524.1 0.66 0.9907857527498051
1524.1 0.7 0.9875161716895179
1524.1 0.74 0.9838525421024814
1524.1 0.78 0.9798478731685127
1524.1 0.82 0.9755210681723535
1524.1 0.86 0.9709640887141414
1524.1 0.9 0.9661697566094528
1524.1 0.94 0.9612235355728566
 
1582.8 0.02 0.019607843137254898
1582.8 0.06 0.3485214014759323
1582.8 0.1 0.8989471931736629
1582.8 0.14 0.9790764567725586
1582.8 0.18 0.9905986123396485
1582.8 0.22 0.9932811766158216
1582.8 0.26 0.9945857481117902
1582.8 0.3 0.9958580784331561
1582.8 0.34 0.9971261739900534
1582.8 0.38 0.9982843791097924
1582.8 0.42 0.9991067138375328
1582.8 0.46 0.9994755887903629
1582.8 0.5 0.9993202652974993
1582.8 0.54 0.9986073930734524
1582.8 0.58 0.9973369314395968
1582.8 0.62 0.9955262273720659
1582.8 0.66 0.9932104633561064
1582.8 0.7 0.99045017047952
1582.8 0.74 0.9872689314938984
1582.8 0.78 0.9837316893880605
1582.8 0.82 0.9798683603769068
1582.8 0.86 0.9757438839373963
1582.8 0.9 0.9713666646147796
1582.8 0.94 0.9667990630152851
 
1641.4 0.02 0.019607843137254898
1641.4 0.06 0.36249646440584854
1641.4 0.1 0.9091007262218096
1641.4 0.14 0.9825371782859923
1641.4 0.18 0.9927271428304629
1641.4 0.22 0.9946225295466875
1641.4 0.26 0.9953421414163569
1641.4 0.3 0.9961070811835407
1641.4 0.34 0.9971217807222816
1641.4 0.38 0.9981353936657144
1641.4 0.42 0.9989983521069113
1641.4 0.46 0.9995337398375267
1641.4 0.5 0.999640477747311
1641.4 0.54 0.9992653415085004
1641.4 0.58 0.9983840365346094
1641.4 0.62 0.9969938388616112
1641.4 0.66 0.9951357707042737
1641.4 0.7 0.9928193744883671
1641.4 0.74 0.990102673453788
1641.4 0.78 0.9870023306323256
1641.4 0.82 0.9835847877933623
1641.4 0.86 0.9798755680541439
1641.4 0.9 0.975906882206708
1641.4 0.94 0.9717198729583696
 
1700.0 0.02 0.019607843137254898
1700.0 0.06 0.37625363998198547
1700.0 0.1 0.9174041219632748
1700.0 0.14 0.9852795749482292
1700.0 0.18 0.9944345487919368
1700.0 0.22 0.9958254279799899
1700.0 0.26 0.9960371448976381
1700.0 0.3 0.9964412156711322
1700.0 0.34 0.9971443907405525
1700.0 0.38 0.9980217404500595
1700.0 0.42 0.9988491433231018
1700.0 0.46 0.9994703339870388
1700.0 0.5 0.9997644029987501
1700.0 0.54 0.9996575531565441
1700.0 0.58 0.9991017390451195
1700.0 0.62 0.9980858258002641
1700.0 0.66 0.996621098425691
1700.0 0.7 0.9947239458119114
1700.0 0.74 0.9924161739686193
1700.0 0.78 0.9897443247492097
1700.0 0.82 0.9867381719103625
1700.0 0.86 0.9834289435324252
1700.0 0.9 0.9798521613552692
1700.0 0.94 0.976041894377274
 
